%eval_id          Mean1          Mean2         Sigma1         Sigma2      MeanReal1      MeanImag1           Cxx1           Cxy1           Cyy1      MeanReal2      MeanImag2           Cxx2           Cxy2           Cyy2 
       1              0              0              1              1       0.994876       0.099823        1.9e-05       -1.1e-05        5.9e-05       0.994876      -0.099823        1.9e-05        1.1e-05        5.9e-05 
       2              0              0   0.2254033308              1        0.98859       0.096651          1e-05         -6e-06        1.3e-05        0.98859      -0.096651          1e-05          6e-06        1.3e-05 
       3              0              0              1    1.774596669       0.980102       0.092089        9.8e-05       -3.4e-05       0.000153       0.980102      -0.092089        9.8e-05        3.4e-05       0.000153 
       4              0  -0.7745966692              1              1       0.998694       0.041927          1e-05             -0        3.4e-05       0.998694      -0.041927          1e-05              0        3.4e-05 
       5   0.7745966692              0              1              1       0.991486       0.064502        1.5e-05         -7e-06        3.7e-05       0.991486      -0.064502        1.5e-05          7e-06        3.7e-05 
       6  -0.7745966692              0              1              1       1.005794       0.066006          3e-06         -3e-06        3.2e-05       1.005794      -0.066006          3e-06          3e-06        3.2e-05 
       7              0   0.7745966692              1              1       1.002706         0.0544          7e-06         -3e-06        1.6e-05       1.002706        -0.0544          7e-06          3e-06        1.6e-05 
       8              0              0              1   0.2254033308       1.001867       0.103361        1.1e-05         -1e-06          5e-06       1.001867      -0.103361        1.1e-05          1e-06          5e-06 
       9              0              0    1.774596669              1        1.01324       0.108251       0.000115        2.2e-05       0.000209        1.01324      -0.108251       0.000115       -2.2e-05       0.000209 
      10              0              0              1    1.434243749       0.987537       0.096068        4.2e-05       -2.6e-05       0.000107       0.987537      -0.096068        4.2e-05        2.6e-05       0.000107 
      11              0              0              1   0.5657562507       0.999828       0.102318        1.2e-05         -3e-06        2.2e-05       0.999828      -0.102318        1.2e-05          3e-06        2.2e-05 
      12              0              0              1    1.960491269       0.975207       0.089246       0.000178       -1.2e-05       0.000198       0.975207      -0.089246       0.000178        1.2e-05       0.000198 
      13              0              0              1  0.03950873129       1.002246       0.103577        1.1e-05         -1e-06          2e-06       1.002246      -0.103577        1.1e-05          1e-06          2e-06 
      14              0              0   0.2254033308    1.774596669       0.974503       0.089181        9.3e-05          6e-06        4.4e-05       0.974503      -0.089181        9.3e-05         -6e-06        4.4e-05 
      15              0              0   0.2254033308   0.2254033308       0.994982       0.099846          1e-06             -0          1e-06       0.994982      -0.099846          1e-06              0          1e-06 
      16              0              0    1.774596669    1.774596669       0.994622       0.099676       0.000122       -5.6e-05       0.000507       0.994622      -0.099676       0.000122        5.6e-05       0.000507 
      17              0              0    1.774596669   0.2254033308       1.023213       0.112442       0.000131        2.1e-05          3e-05       1.023213      -0.112442       0.000131       -2.1e-05          3e-05 
      18              0              0   0.5657562507              1       0.990307       0.097496        1.2e-05         -8e-06        2.5e-05       0.990307      -0.097496        1.2e-05          8e-06        2.5e-05 
      19              0              0    1.434243749              1       1.002937       0.103786        4.1e-05         -6e-06       0.000123       1.002937      -0.103786        4.1e-05          6e-06       0.000123 
      20              0              0  0.03950873129              1       0.988277       0.096527          1e-05         -6e-06        1.2e-05       0.988277      -0.096527          1e-05          6e-06        1.2e-05 
      21              0              0    1.960491269              1       1.021549       0.111082       0.000249        4.8e-05       0.000278       1.021549      -0.111082       0.000249       -4.8e-05       0.000278 
      22              0  -0.7745966692              1    1.774596669       0.997298       0.041218        2.3e-05         -4e-06        8.7e-05       0.997298      -0.041218        2.3e-05          4e-06        8.7e-05 
      23              0   0.7745966692              1    1.774596669       1.000989       0.054946        1.1e-05         -8e-06        4.9e-05       1.000989      -0.054946        1.1e-05          8e-06        4.9e-05 
      24              0  -0.7745966692              1   0.2254033308       0.999316       0.042312          5e-06          1e-06          1e-05       0.999316      -0.042312          5e-06         -1e-06          1e-05 
      25              0   0.7745966692              1   0.2254033308       1.003419       0.054246          6e-06         -1e-06          2e-06       1.003419      -0.054246          6e-06          1e-06          2e-06 
      26              0  -0.7745966692   0.2254033308              1       0.998166       0.042032          5e-06              0          1e-05       0.998166      -0.042032          5e-06             -0          1e-05 
      27              0   0.7745966692   0.2254033308              1       1.001961       0.054871          2e-06         -2e-06          7e-06       1.001961      -0.054871          2e-06          2e-06          7e-06 
      28              0  -0.7745966692    1.774596669              1        0.99989       0.041865          2e-05          3e-06        9.7e-05        0.99989      -0.041865          2e-05         -3e-06        9.7e-05 
      29              0   0.7745966692    1.774596669              1       1.004375       0.053575        2.1e-05         -5e-06        3.9e-05       1.004375      -0.053575        2.1e-05          5e-06        3.9e-05 
      30              0  -0.4342437493              1              1       0.995188       0.072058        1.8e-05         -3e-06        5.4e-05       0.995188      -0.072058        1.8e-05          3e-06        5.4e-05 
      31              0   0.4342437493              1              1        1.00114       0.071613          9e-06         -5e-06        2.8e-05        1.00114      -0.071613          9e-06          5e-06        2.8e-05 
      32              0  -0.9604912687              1              1       0.999798       0.031002          8e-06              0        2.9e-05       0.999798      -0.031002          8e-06             -0        2.9e-05 
      33              0   0.9604912687              1              1       1.003053       0.048076          6e-06         -2e-06        1.3e-05       1.003053      -0.048076          6e-06          2e-06        1.3e-05 
      34   0.7745966692              0              1    1.774596669        0.98558       0.059471        5.8e-05       -2.4e-05        8.8e-05        0.98558      -0.059471        5.8e-05        2.4e-05        8.8e-05 
      35  -0.7745966692              0              1    1.774596669       1.003701       0.062788          9e-06         -6e-06        8.8e-05       1.003701      -0.062788          9e-06          6e-06        8.8e-05 
      36   0.7745966692              0              1   0.2254033308       0.994495       0.066983          4e-06              0          6e-06       0.994495      -0.066983          4e-06             -0          6e-06 
      37  -0.7745966692              0              1   0.2254033308       1.006783       0.067694          2e-06         -1e-06          5e-06       1.006783      -0.067694          2e-06          1e-06          5e-06 
      38   0.7745966692              0   0.2254033308              1       0.988908       0.062439        1.1e-05         -5e-06          1e-05       0.988908      -0.062439        1.1e-05          5e-06          1e-05 
      39  -0.7745966692              0   0.2254033308              1       1.004868       0.064802          1e-06             -0        1.3e-05       1.004868      -0.064802          1e-06              0        1.3e-05 
      40   0.7745966692              0    1.774596669              1        0.99906       0.070362        3.4e-05          6e-06       0.000119        0.99906      -0.070362        3.4e-05         -6e-06       0.000119 
      41  -0.7745966692              0    1.774596669              1       1.008198       0.069527          1e-05         -5e-06        8.6e-05       1.008198      -0.069527          1e-05          5e-06        8.6e-05 
      42   0.7745966692  -0.7745966692              1              1       1.000196       0.024498          6e-06         -2e-06          2e-05       1.000196      -0.024498          6e-06          2e-06          2e-05 
      43  -0.7745966692  -0.7745966692              1              1       0.999284       0.059954        2.3e-05          2e-06        5.4e-05       0.999284      -0.059954        2.3e-05         -2e-06        5.4e-05 
      44   0.7745966692   0.7745966692              1              1       0.994811       0.064453        1.7e-05         -6e-06        2.2e-05       0.994811      -0.064453        1.7e-05          6e-06        2.2e-05 
      45  -0.7745966692   0.7745966692              1              1       1.005498       0.040837          3e-06             -0          1e-05       1.005498      -0.040837          3e-06              0          1e-05 
      46   0.4342437493              0              1              1       0.989772       0.084694          2e-05         -9e-06        5.1e-05       0.989772      -0.084694          2e-05          9e-06        5.1e-05 
      47  -0.4342437493              0              1              1       1.003292       0.083081          7e-06         -7e-06        4.5e-05       1.003292      -0.083081          7e-06          7e-06        4.5e-05 
      48   0.9604912687              0              1              1       0.992833       0.055371        1.3e-05         -6e-06        3.1e-05       0.992833      -0.055371        1.3e-05          6e-06        3.1e-05 
      49  -0.9604912687              0              1              1       1.006247       0.058508          3e-06         -1e-06        2.7e-05       1.006247      -0.058508          3e-06          1e-06        2.7e-05 
      50              0  -0.2233866864              1              1       0.993121       0.093604        2.3e-05         -8e-06        6.5e-05       0.993121      -0.093604        2.3e-05          8e-06        6.5e-05 
      51              0   0.2233866864              1              1       0.998792       0.086572        1.2e-05         -9e-06        4.1e-05       0.998792      -0.086572        1.2e-05          9e-06        4.1e-05 
      52              0  -0.6211029467              1              1        0.99737        0.05371        1.2e-05         -1e-06        4.1e-05        0.99737       -0.05371        1.2e-05          1e-06        4.1e-05 
      53              0   0.6211029467              1              1       1.002213       0.061097          8e-06         -4e-06          2e-05       1.002213      -0.061097          8e-06          4e-06          2e-05 
      54              0  -0.8884592329              1              1       0.999424       0.034876          8e-06              0          3e-05       0.999424      -0.034876          8e-06             -0          3e-05 
      55              0   0.8884592329              1              1       1.002942        0.05033          7e-06         -2e-06        1.4e-05       1.002942       -0.05033          7e-06          2e-06        1.4e-05 
      56              0  -0.9938319632              1              1       0.999952       0.029336          7e-06              0        2.9e-05       0.999952      -0.029336          7e-06             -0        2.9e-05 
      57              0   0.9938319632              1              1       1.003097       0.047106          6e-06         -2e-06        1.2e-05       1.003097      -0.047106          6e-06          2e-06        1.2e-05 
      58   0.7745966692  -0.4342437493              1              1       0.997705       0.039014          8e-06         -3e-06        2.5e-05       0.997705      -0.039014          8e-06          3e-06        2.5e-05 
      59   0.7745966692   0.4342437493              1              1       0.990063       0.075262        2.1e-05         -9e-06        3.3e-05       0.990063      -0.075262        2.1e-05          9e-06        3.3e-05 
      60  -0.7745966692  -0.4342437493              1              1       1.002292       0.078004        1.6e-05         -3e-06        5.6e-05       1.002292      -0.078004        1.6e-05          3e-06        5.6e-05 
      61  -0.7745966692   0.4342437493              1              1       1.005861        0.04931          3e-06         -1e-06        1.6e-05       1.005861       -0.04931          3e-06          1e-06        1.6e-05 
      62   0.7745966692  -0.9604912687              1              1       1.000946       0.018247          5e-06         -2e-06        2.3e-05       1.000946      -0.018247          5e-06          2e-06        2.3e-05 
      63  -0.7745966692  -0.9604912687              1              1       0.999082       0.046352          2e-05          3e-06        4.8e-05       0.999082      -0.046352          2e-05         -3e-06        4.8e-05 
      64   0.7745966692   0.9604912687              1              1       0.996919       0.057525        1.4e-05         -5e-06        1.8e-05       0.996919      -0.057525        1.4e-05          5e-06        1.8e-05 
      65  -0.7745966692   0.9604912687              1              1       1.005308       0.037419          3e-06             -0          8e-06       1.005308      -0.037419          3e-06              0          8e-06 
      66              0  -0.4342437493   0.2254033308              1       0.992812       0.070717        1.2e-05         -1e-06        1.6e-05       0.992812      -0.070717        1.2e-05          1e-06        1.6e-05 
      67              0   0.4342437493   0.2254033308              1        0.99925       0.071567          3e-06         -4e-06          1e-05        0.99925      -0.071567          3e-06          4e-06          1e-05 
      68              0  -0.4342437493    1.774596669              1       1.001284        0.07597        3.8e-05          9e-06       0.000161       1.001284       -0.07597        3.8e-05         -9e-06       0.000161 
      69              0   0.4342437493    1.774596669              1       1.005635       0.072084        2.8e-05         -7e-06        7.4e-05       1.005635      -0.072084        2.8e-05          7e-06        7.4e-05 
      70              0  -0.9604912687   0.2254033308              1       0.999536       0.031371          4e-06              0          7e-06       0.999536      -0.031371          4e-06             -0          7e-06 
      71              0   0.9604912687   0.2254033308              1       1.002557       0.048611          1e-06         -1e-06          5e-06       1.002557      -0.048611          1e-06          1e-06          5e-06 
      72              0  -0.9604912687    1.774596669              1       1.000223        0.03009          2e-05          7e-06        9.5e-05       1.000223       -0.03009          2e-05         -7e-06        9.5e-05 
      73              0   0.9604912687    1.774596669              1       1.004152       0.047074        1.9e-05         -5e-06          3e-05       1.004152      -0.047074        1.9e-05          5e-06          3e-05 
      74              0  -0.4342437493              1    1.774596669       0.989423       0.068356        5.9e-05       -1.5e-05        0.00014       0.989423      -0.068356        5.9e-05        1.5e-05        0.00014 
      75              0   0.4342437493              1    1.774596669       0.996783       0.071012        1.8e-05       -1.8e-05        8.3e-05       0.996783      -0.071012        1.8e-05        1.8e-05        8.3e-05 
      76              0  -0.4342437493              1   0.2254033308        0.99782        0.07388          7e-06          1e-06          1e-05        0.99782       -0.07388          7e-06         -1e-06          1e-05 
      77              0   0.4342437493              1   0.2254033308        1.00303       0.072005          7e-06         -2e-06          3e-06        1.00303      -0.072005          7e-06          2e-06          3e-06 
      78              0  -0.9604912687              1    1.774596669       0.999003       0.030607        1.6e-05             -0        7.5e-05       0.999003      -0.030607        1.6e-05              0        7.5e-05 
      79              0   0.9604912687              1    1.774596669       1.001902       0.048779          9e-06         -6e-06        3.8e-05       1.001902      -0.048779          9e-06          6e-06        3.8e-05 
      80              0  -0.9604912687              1   0.2254033308       1.000138       0.031211          4e-06          1e-06        1.1e-05       1.000138      -0.031211          4e-06         -1e-06        1.1e-05 
      81              0   0.9604912687              1   0.2254033308       1.003524       0.047839          5e-06         -1e-06          2e-06       1.003524      -0.047839          5e-06          1e-06          2e-06 
      82   0.7745966692  -0.7745966692   0.2254033308              1       1.000289       0.024536          4e-06         -2e-06          7e-06       1.000289      -0.024536          4e-06          2e-06          7e-06 
      83  -0.7745966692  -0.7745966692   0.2254033308              1       0.993716       0.057411        1.6e-05          4e-06          2e-05       0.993716      -0.057411        1.6e-05         -4e-06          2e-05 
      84   0.7745966692   0.7745966692   0.2254033308              1        0.98979       0.063981          9e-06         -5e-06          7e-06        0.98979      -0.063981          9e-06          5e-06          7e-06 
      85  -0.7745966692   0.7745966692   0.2254033308              1       1.005639       0.040986          1e-06              0          5e-06       1.005639      -0.040986          1e-06             -0          5e-06 
      86   0.7745966692  -0.7745966692    1.774596669              1       0.999876       0.024439          1e-05          1e-06          6e-05       0.999876      -0.024439          1e-05         -1e-06          6e-05 
      87  -0.7745966692  -0.7745966692    1.774596669              1       1.014379       0.064784        9.3e-05          2e-05       0.000147       1.014379      -0.064784        9.3e-05         -2e-05       0.000147 
      88   0.7745966692   0.7745966692    1.774596669              1       1.007587       0.064464        7.3e-05         -8e-06        6.3e-05       1.007587      -0.064464        7.3e-05          8e-06        6.3e-05 
      89  -0.7745966692   0.7745966692    1.774596669              1       1.005192       0.040678          9e-06         -2e-06        2.4e-05       1.005192      -0.040678          9e-06          2e-06        2.4e-05 
      90   0.4342437493              0   0.2254033308              1       0.984862       0.081603        1.4e-05         -6e-06        1.2e-05       0.984862      -0.081603        1.4e-05          6e-06        1.2e-05 
      91  -0.4342437493              0   0.2254033308              1       1.000784       0.081369          2e-06         -3e-06        1.5e-05       1.000784      -0.081369          2e-06          3e-06        1.5e-05 
      92   0.4342437493              0    1.774596669              1        1.00455       0.093177        7.7e-05        2.4e-05        0.00018        1.00455      -0.093177        7.7e-05       -2.4e-05        0.00018 
      93  -0.4342437493              0    1.774596669              1       1.009977       0.088082        2.6e-05         -6e-06       0.000134       1.009977      -0.088082        2.6e-05          6e-06       0.000134 
      94   0.9604912687              0   0.2254033308              1       0.991004       0.053724          1e-05         -5e-06          1e-05       0.991004      -0.053724          1e-05          5e-06          1e-05 
      95  -0.9604912687              0   0.2254033308              1       1.005706       0.057456          1e-06          1e-06        1.2e-05       1.005706      -0.057456          1e-06         -1e-06        1.2e-05 
      96   0.9604912687              0    1.774596669              1       0.998139       0.060073        2.4e-05          1e-06        9.4e-05       0.998139      -0.060073        2.4e-05         -1e-06        9.4e-05 
      97  -0.9604912687              0    1.774596669              1       1.007652       0.061556          7e-06         -4e-06        6.9e-05       1.007652      -0.061556          7e-06          4e-06        6.9e-05 
      98   0.4342437493  -0.7745966692              1              1       0.999595       0.030973          6e-06         -1e-06        2.4e-05       0.999595      -0.030973          6e-06          1e-06        2.4e-05 
      99  -0.4342437493  -0.7745966692              1              1       0.998322       0.054391        1.7e-05          1e-06        4.7e-05       0.998322      -0.054391        1.7e-05         -1e-06        4.7e-05 
     100   0.4342437493   0.7745966692              1              1       0.998795       0.061927        1.2e-05         -5e-06          2e-05       0.998795      -0.061927        1.2e-05          5e-06          2e-05 
     101  -0.4342437493   0.7745966692              1              1       1.004754       0.046299          4e-06         -1e-06        1.2e-05       1.004754      -0.046299          4e-06          1e-06        1.2e-05 
     102   0.9604912687  -0.7745966692              1              1       1.000464       0.021595          5e-06         -3e-06          2e-05       1.000464      -0.021595          5e-06          3e-06          2e-05 
     103   0.9604912687   0.7745966692              1              1       0.992855       0.063715        1.9e-05         -7e-06        2.2e-05       0.992855      -0.063715        1.9e-05          7e-06        2.2e-05 
     104  -0.9604912687  -0.7745966692              1              1       1.000197       0.059667        2.3e-05          2e-06        5.3e-05       1.000197      -0.059667        2.3e-05         -2e-06        5.3e-05 
     105  -0.9604912687   0.7745966692              1              1       1.005714       0.038251          3e-06             -0          9e-06       1.005714      -0.038251          3e-06              0          9e-06 
     106   0.2233866864              0              1              1       0.990874       0.095787        2.2e-05       -1.1e-05        5.7e-05       0.990874      -0.095787        2.2e-05        1.1e-05        5.7e-05 
     107  -0.2233866864              0              1              1        0.99986       0.093767        1.2e-05         -1e-05        5.3e-05        0.99986      -0.093767        1.2e-05          1e-05        5.3e-05 
     108   0.6211029467              0              1              1        0.99045       0.073252        1.7e-05         -8e-06        4.3e-05        0.99045      -0.073252        1.7e-05          8e-06        4.3e-05 
     109  -0.6211029467              0              1              1       1.005024       0.073254          4e-06         -4e-06        3.7e-05       1.005024      -0.073254          4e-06          4e-06        3.7e-05 
     110   0.8884592329              0              1              1       0.992317       0.058709        1.3e-05         -7e-06        3.3e-05       0.992317      -0.058709        1.3e-05          7e-06        3.3e-05 
     111  -0.8884592329              0              1              1       1.006118       0.061248          3e-06         -2e-06        2.9e-05       1.006118      -0.061248          3e-06          2e-06        2.9e-05 
     112   0.9938319632              0              1              1       0.993066        0.05391        1.2e-05         -6e-06          3e-05       0.993066       -0.05391        1.2e-05          6e-06          3e-05 
     113  -0.9938319632              0              1              1       1.006292       0.057307          2e-06         -1e-06        2.6e-05       1.006292      -0.057307          2e-06          1e-06        2.6e-05 
     114   0.7745966692  -0.7745966692              1    1.774596669       1.000213       0.023421        1.5e-05         -6e-06        5.9e-05       1.000213      -0.023421        1.5e-05          6e-06        5.9e-05 
     115  -0.7745966692  -0.7745966692              1    1.774596669       0.985689       0.051152       0.000124        5.1e-05       0.000199       0.985689      -0.051152       0.000124       -5.1e-05       0.000199 
     116   0.7745966692   0.7745966692              1    1.774596669       0.982965       0.062487          6e-05       -2.1e-05        5.8e-05       0.982965      -0.062487          6e-05        2.1e-05        5.8e-05 
     117  -0.7745966692   0.7745966692              1    1.774596669       1.005785       0.040682          5e-06              0          3e-05       1.005785      -0.040682          5e-06             -0          3e-05 
     118   0.7745966692  -0.7745966692              1   0.2254033308       1.000149       0.024946          2e-06              0          6e-06       1.000149      -0.024946          2e-06             -0          6e-06 
     119  -0.7745966692  -0.7745966692              1   0.2254033308       1.005322       0.062728        1.1e-05          1e-06        1.2e-05       1.005322      -0.062728        1.1e-05         -1e-06        1.2e-05 
     120   0.7745966692   0.7745966692              1   0.2254033308       1.000017       0.064861        1.1e-05         -2e-06          2e-06       1.000017      -0.064861        1.1e-05          2e-06          2e-06 
     121  -0.7745966692   0.7745966692              1   0.2254033308       1.005356       0.040968          3e-06             -0          2e-06       1.005356      -0.040968          3e-06              0          2e-06 
     122   0.4342437493              0              1    1.774596669       0.978307       0.077235        9.7e-05       -2.7e-05       0.000122       0.978307      -0.077235        9.7e-05        2.7e-05       0.000122 
     123  -0.4342437493              0              1    1.774596669       0.997572        0.07878        2.1e-05         -2e-05       0.000123       0.997572       -0.07878        2.1e-05          2e-05       0.000123 
     124   0.4342437493              0              1   0.2254033308        0.99544       0.088195          8e-06              0          7e-06        0.99544      -0.088195          8e-06             -0          7e-06 
     125  -0.4342437493              0              1   0.2254033308       1.005985       0.085315          5e-06         -2e-06          5e-06       1.005985      -0.085315          5e-06          2e-06          5e-06 
     126   0.9604912687              0              1    1.774596669        0.98868       0.051241        4.8e-05       -2.2e-05        7.4e-05        0.98868      -0.051241        4.8e-05        2.2e-05        7.4e-05 
     127  -0.9604912687              0              1    1.774596669       1.005019        0.05563          7e-06         -1e-06        7.3e-05       1.005019       -0.05563          7e-06          1e-06        7.3e-05 
     128   0.9604912687              0              1   0.2254033308       0.994973       0.057416          3e-06              0          5e-06       0.994973      -0.057416          3e-06             -0          5e-06 
     129  -0.9604912687              0              1   0.2254033308       1.006828        0.06001          2e-06         -1e-06          4e-06       1.006828       -0.06001          2e-06          1e-06          4e-06 
     130   0.4342437493  -0.4342437493              1              1       0.996425       0.051009        1.1e-05         -2e-06        3.4e-05       0.996425      -0.051009        1.1e-05          2e-06        3.4e-05 
     131  -0.4342437493  -0.4342437493              1              1       0.998144       0.085939        2.4e-05         -5e-06        6.5e-05       0.998144      -0.085939        2.4e-05          5e-06        6.5e-05 
     132   0.4342437493   0.4342437493              1              1       0.994294       0.079836        1.7e-05         -8e-06        3.4e-05       0.994294      -0.079836        1.7e-05          8e-06        3.4e-05 
     133  -0.4342437493   0.4342437493              1              1        1.00479       0.058229          5e-06         -2e-06        2.1e-05        1.00479      -0.058229          5e-06          2e-06        2.1e-05 
     134   0.4342437493  -0.9604912687              1              1       1.000525       0.023165          5e-06         -1e-06        2.3e-05       1.000525      -0.023165          5e-06          1e-06        2.3e-05 
     135   0.9604912687  -0.4342437493              1              1       0.998282       0.034035          7e-06         -3e-06        2.2e-05       0.998282      -0.034035          7e-06          3e-06        2.2e-05 
     136  -0.4342437493  -0.9604912687              1              1       0.999118       0.040236        1.3e-05          2e-06        3.9e-05       0.999118      -0.040236        1.3e-05         -2e-06        3.9e-05 
     137   0.9604912687   0.4342437493              1              1        0.98935       0.069366          2e-05         -9e-06          3e-05        0.98935      -0.069366          2e-05          9e-06          3e-05 
     138  -0.9604912687  -0.4342437493              1              1       1.003722       0.070162          1e-05         -2e-06        4.8e-05       1.003722      -0.070162          1e-05          2e-06        4.8e-05 
     139   0.4342437493   0.9604912687              1              1       1.000116       0.054319          1e-05         -4e-06        1.6e-05       1.000116      -0.054319          1e-05          4e-06        1.6e-05 
     140  -0.9604912687   0.4342437493              1              1       1.006107       0.045284          3e-06             -0        1.4e-05       1.006107      -0.045284          3e-06              0        1.4e-05 
     141  -0.4342437493   0.9604912687              1              1       1.004665       0.041752          4e-06         -1e-06          1e-05       1.004665      -0.041752          4e-06          1e-06          1e-05 
     142   0.9604912687  -0.9604912687              1              1       1.001054       0.015907          5e-06         -1e-06        2.5e-05       1.001054      -0.015907          5e-06          1e-06        2.5e-05 
     143  -0.9604912687  -0.9604912687              1              1       0.999372       0.048135        2.2e-05          4e-06          5e-05       0.999372      -0.048135        2.2e-05         -4e-06          5e-05 
     144   0.9604912687   0.9604912687              1              1       0.995092       0.058018        1.7e-05         -5e-06        1.8e-05       0.995092      -0.058018        1.7e-05          5e-06        1.8e-05 
     145  -0.9604912687   0.9604912687              1              1       1.005514       0.035326          3e-06             -0          8e-06       1.005514      -0.035326          3e-06              0          8e-06 
     146              0  -0.7745966692   0.2254033308    1.774596669       0.996744        0.04156        1.8e-05              0        2.9e-05       0.996744       -0.04156        1.8e-05             -0        2.9e-05 
     147              0   0.7745966692   0.2254033308    1.774596669       1.000201       0.055566          6e-06         -6e-06        2.2e-05       1.000201      -0.055566          6e-06          6e-06        2.2e-05 
     148              0  -0.7745966692   0.2254033308   0.2254033308         0.9988       0.042264              0              0          1e-06         0.9988      -0.042264              0             -0          1e-06 
     149              0   0.7745966692   0.2254033308   0.2254033308       1.002694       0.054607              0             -0              0       1.002694      -0.054607              0              0              0 
     150              0  -0.7745966692    1.774596669    1.774596669        0.99813       0.040676          4e-05          1e-05       0.000243        0.99813      -0.040676          4e-05         -1e-05       0.000243 
     151              0   0.7745966692    1.774596669    1.774596669       1.002703       0.053889        2.4e-05       -1.2e-05       0.000116       1.002703      -0.053889        2.4e-05        1.2e-05       0.000116 
     152              0  -0.7745966692    1.774596669   0.2254033308       1.000512       0.042537        1.6e-05          4e-06        3.2e-05       1.000512      -0.042537        1.6e-05         -4e-06        3.2e-05 
     153              0   0.7745966692    1.774596669   0.2254033308       1.005073       0.053561        1.9e-05         -4e-06          7e-06       1.005073      -0.053561        1.9e-05          4e-06          7e-06 
     154   0.7745966692              0   0.2254033308    1.774596669       0.983468       0.057877        5.3e-05         -1e-05        2.5e-05       0.983468      -0.057877        5.3e-05          1e-05        2.5e-05 
     155  -0.7745966692              0   0.2254033308    1.774596669       1.002879       0.061934          6e-06              0        3.9e-05       1.002879      -0.061934          6e-06             -0        3.9e-05 
     156   0.7745966692              0   0.2254033308   0.2254033308        0.99161       0.064589          1e-06             -0          1e-06        0.99161      -0.064589          1e-06              0          1e-06 
     157  -0.7745966692              0   0.2254033308   0.2254033308       1.005801       0.066249              0             -0          1e-06       1.005801      -0.066249              0              0          1e-06 
     158   0.7745966692              0    1.774596669    1.774596669       0.991277        0.06402        7.1e-05       -3.1e-05       0.000278       0.991277       -0.06402        7.1e-05        3.1e-05       0.000278 
     159  -0.7745966692              0    1.774596669    1.774596669       1.005736       0.065486        1.6e-05       -1.5e-05       0.000226       1.005736      -0.065486        1.6e-05        1.5e-05       0.000226 
     160   0.7745966692              0    1.774596669   0.2254033308       1.003373       0.073665        2.5e-05          1e-05        2.6e-05       1.003373      -0.073665        2.5e-05         -1e-05        2.6e-05 
     161  -0.7745966692              0    1.774596669   0.2254033308       1.009405       0.071715          9e-06         -3e-06        1.6e-05       1.009405      -0.071715          9e-06          3e-06        1.6e-05 
     162   0.7745966692  -0.4342437493   0.2254033308              1       0.997561       0.038554          7e-06         -3e-06          9e-06       0.997561      -0.038554          7e-06          3e-06          9e-06 
     163   0.7745966692   0.4342437493   0.2254033308              1       0.983028       0.072772        1.3e-05         -7e-06          7e-06       0.983028      -0.072772        1.3e-05          7e-06          7e-06 
     164  -0.7745966692  -0.4342437493   0.2254033308              1       0.996527       0.074371          1e-05          1e-06        1.9e-05       0.996527      -0.074371          1e-05         -1e-06        1.9e-05 
     165  -0.7745966692   0.4342437493   0.2254033308              1       1.005906       0.049201          1e-06              0          7e-06       1.005906      -0.049201          1e-06             -0          7e-06 
     166   0.7745966692  -0.4342437493    1.774596669              1       0.998062       0.040394        1.2e-05         -2e-06        6.7e-05       0.998062      -0.040394        1.2e-05          2e-06        6.7e-05 
     167   0.7745966692   0.4342437493    1.774596669              1        1.01089       0.079503       0.000136          3e-06       0.000109        1.01089      -0.079503       0.000136         -3e-06       0.000109 
     168  -0.7745966692  -0.4342437493    1.774596669              1       1.019937       0.087001        9.5e-05        2.7e-05       0.000182       1.019937      -0.087001        9.5e-05       -2.7e-05       0.000182 
     169  -0.7745966692   0.4342437493    1.774596669              1       1.005765       0.049827          9e-06         -3e-06        3.8e-05       1.005765      -0.049827          9e-06          3e-06        3.8e-05 
     170   0.7745966692  -0.9604912687   0.2254033308              1        1.00109       0.018552          3e-06         -2e-06          7e-06        1.00109      -0.018552          3e-06          2e-06          7e-06 
     171  -0.7745966692  -0.9604912687   0.2254033308              1        0.99529        0.04499        1.2e-05          4e-06        1.8e-05        0.99529       -0.04499        1.2e-05         -4e-06        1.8e-05 
     172   0.7745966692   0.9604912687   0.2254033308              1       0.993246        0.05769          7e-06         -4e-06          6e-06       0.993246       -0.05769          7e-06          4e-06          6e-06 
     173  -0.7745966692   0.9604912687   0.2254033308              1        1.00546       0.037633          1e-06              0          4e-06        1.00546      -0.037633          1e-06             -0          4e-06 
     174   0.7745966692  -0.9604912687    1.774596669              1       1.000126        0.01775        1.3e-05          8e-06        6.4e-05       1.000126       -0.01775        1.3e-05         -8e-06        6.4e-05 
     175  -0.7745966692  -0.9604912687    1.774596669              1       1.008414       0.048766        5.9e-05        1.4e-05       0.000125       1.008414      -0.048766        5.9e-05       -1.4e-05       0.000125 
     176   0.7745966692   0.9604912687    1.774596669              1       1.005731       0.056576        5.2e-05         -8e-06        4.7e-05       1.005731      -0.056576        5.2e-05          8e-06        4.7e-05 
     177  -0.7745966692   0.9604912687    1.774596669              1       1.004985       0.037089          9e-06         -2e-06        1.9e-05       1.004985      -0.037089          9e-06          2e-06        1.9e-05 
     178   0.7745966692  -0.4342437493              1    1.774596669       0.997313       0.037282        2.5e-05       -1.2e-05        6.6e-05       0.997313      -0.037282        2.5e-05        1.2e-05        6.6e-05 
     179   0.7745966692   0.4342437493              1    1.774596669       0.973596       0.068279       0.000115       -1.3e-05        8.2e-05       0.973596      -0.068279       0.000115        1.3e-05        8.2e-05 
     180  -0.7745966692  -0.4342437493              1    1.774596669       0.989036       0.068466        8.8e-05          9e-06       0.000155       0.989036      -0.068466        8.8e-05         -9e-06       0.000155 
     181  -0.7745966692   0.4342437493              1    1.774596669       1.005932       0.048529          5e-06         -1e-06        4.6e-05       1.005932      -0.048529          5e-06          1e-06        4.6e-05 
     182   0.7745966692  -0.4342437493              1   0.2254033308       0.997912       0.039845          2e-06              0          5e-06       0.997912      -0.039845          2e-06             -0          5e-06 
     183   0.7745966692   0.4342437493              1   0.2254033308       0.997964       0.077581        1.1e-05         -1e-06          3e-06       0.997964      -0.077581        1.1e-05          1e-06          3e-06 
     184  -0.7745966692  -0.4342437493              1   0.2254033308       1.008879       0.082073          7e-06         -1e-06          9e-06       1.008879      -0.082073          7e-06          1e-06          9e-06 
     185  -0.7745966692   0.4342437493              1   0.2254033308       1.005812       0.049752          2e-06         -1e-06          2e-06       1.005812      -0.049752          2e-06          1e-06          2e-06 
     186   0.7745966692  -0.9604912687              1    1.774596669       1.000624       0.017166        1.3e-05              0        6.3e-05       1.000624      -0.017166        1.3e-05             -0        6.3e-05 
     187  -0.7745966692  -0.9604912687              1    1.774596669        0.98955       0.040374          8e-05        3.8e-05       0.000169        0.98955      -0.040374          8e-05       -3.8e-05       0.000169 
     188   0.7745966692   0.9604912687              1    1.774596669       0.988264       0.057203        3.9e-05       -1.7e-05        4.8e-05       0.988264      -0.057203        3.9e-05        1.7e-05        4.8e-05 
     189  -0.7745966692   0.9604912687              1    1.774596669       1.005617       0.037432          5e-06              0        2.5e-05       1.005617      -0.037432          5e-06             -0        2.5e-05 
     190   0.7745966692  -0.9604912687              1   0.2254033308       1.000897       0.018731          2e-06              0          8e-06       1.000897      -0.018731          2e-06             -0          8e-06 
     191  -0.7745966692  -0.9604912687              1   0.2254033308       1.003067       0.048164          1e-05          1e-06        1.3e-05       1.003067      -0.048164          1e-05         -1e-06        1.3e-05 
     192   0.7745966692   0.9604912687              1   0.2254033308       1.000614       0.057431          1e-05         -2e-06          2e-06       1.000614      -0.057431          1e-05          2e-06          2e-06 
     193  -0.7745966692   0.9604912687              1   0.2254033308        1.00516       0.037467          3e-06             -0          2e-06        1.00516      -0.037467          3e-06              0          2e-06 
     194              0  -0.2233866864              1    1.774596669       0.980427       0.085672       0.000111       -2.3e-05       0.000166       0.980427      -0.085672       0.000111        2.3e-05       0.000166 
     195              0   0.2233866864              1    1.774596669       0.990218       0.083566        3.6e-05       -3.1e-05       0.000116       0.990218      -0.083566        3.6e-05        3.1e-05       0.000116 
     196              0  -0.2233866864              1   0.2254033308       0.999139       0.097317          1e-05          1e-06          9e-06       0.999139      -0.097317          1e-05         -1e-06          9e-06 
     197              0   0.2233866864              1   0.2254033308       1.002662       0.088055          8e-06         -2e-06          4e-06       1.002662      -0.088055          8e-06          2e-06          4e-06 
     198              0  -0.6211029467              1    1.774596669       0.994819       0.052212        3.3e-05         -7e-06       0.000108       0.994819      -0.052212        3.3e-05          7e-06       0.000108 
     199              0   0.6211029467              1    1.774596669       0.999686       0.061342        1.3e-05       -1.1e-05        6.2e-05       0.999686      -0.061342        1.3e-05        1.1e-05        6.2e-05 
     200              0  -0.6211029467              1   0.2254033308       0.998508        0.05448          6e-06          1e-06          1e-05       0.998508       -0.05448          6e-06         -1e-06          1e-05 
     201              0   0.6211029467              1   0.2254033308        1.00328       0.061091          6e-06         -1e-06          2e-06        1.00328      -0.061091          6e-06          1e-06          2e-06 
     202              0  -0.8884592329              1    1.774596669       0.998479       0.034414        1.8e-05         -2e-06        7.8e-05       0.998479      -0.034414        1.8e-05          2e-06        7.8e-05 
     203              0   0.8884592329              1    1.774596669       1.001609       0.050989          1e-05         -6e-06        4.2e-05       1.001609      -0.050989          1e-05          6e-06        4.2e-05 
     204              0  -0.8884592329              1   0.2254033308       0.999847       0.035127          5e-06          1e-06          1e-05       0.999847      -0.035127          5e-06         -1e-06          1e-05 
     205              0   0.8884592329              1   0.2254033308        1.00349       0.050117          5e-06         -1e-06          2e-06        1.00349      -0.050117          5e-06          1e-06          2e-06 
     206              0  -0.9938319632              1    1.774596669       0.999216       0.028952        1.6e-05              0        7.4e-05       0.999216      -0.028952        1.6e-05             -0        7.4e-05 
     207              0   0.9938319632              1    1.774596669       1.002018       0.047824          9e-06         -5e-06        3.6e-05       1.002018      -0.047824          9e-06          5e-06        3.6e-05 
     208              0  -0.9938319632              1   0.2254033308       1.000262       0.029534          4e-06          1e-06        1.1e-05       1.000262      -0.029534          4e-06         -1e-06        1.1e-05 
     209              0   0.9938319632              1   0.2254033308       1.003537       0.046861          5e-06         -1e-06          2e-06       1.003537      -0.046861          5e-06          1e-06          2e-06 
     210              0  -0.2233866864   0.2254033308              1       0.987788       0.090377        1.5e-05         -3e-06        1.6e-05       0.987788      -0.090377        1.5e-05          3e-06        1.6e-05 
     211              0   0.2233866864   0.2254033308              1       0.995098       0.085436          4e-06         -5e-06        1.3e-05       0.995098      -0.085436          4e-06          5e-06        1.3e-05 
     212              0  -0.6211029467   0.2254033308              1       0.996357       0.053409          8e-06             -0        1.2e-05       0.996357      -0.053409          8e-06              0        1.2e-05 
     213              0  -0.2233866864    1.774596669              1       1.008621       0.102618          9e-05          3e-05       0.000227       1.008621      -0.102618          9e-05         -3e-05       0.000227 
     214              0   0.6211029467   0.2254033308              1       1.001115       0.061436          2e-06         -2e-06          8e-06       1.001115      -0.061436          2e-06          2e-06          8e-06 
     215              0   0.2233866864    1.774596669              1       1.008343       0.089758        4.7e-05         -4e-06       0.000124       1.008343      -0.089758        4.7e-05          4e-06       0.000124 
     216              0  -0.6211029467    1.774596669              1       0.999756       0.054772        2.5e-05          4e-06       0.000116       0.999756      -0.054772        2.5e-05         -4e-06       0.000116 
     217              0   0.6211029467    1.774596669              1        1.00472       0.060612        2.3e-05         -6e-06        5.1e-05        1.00472      -0.060612        2.3e-05          6e-06        5.1e-05 
     218              0  -0.8884592329   0.2254033308              1       0.999083       0.035158          4e-06              0          8e-06       0.999083      -0.035158          4e-06             -0          8e-06 
     219              0   0.8884592329   0.2254033308              1       1.002365       0.050848          2e-06         -1e-06          6e-06       1.002365      -0.050848          2e-06          1e-06          6e-06 
     220              0  -0.9938319632   0.2254033308              1       0.999719       0.029744          3e-06              0          7e-06       0.999719      -0.029744          3e-06             -0          7e-06 
     221              0   0.9938319632   0.2254033308              1       1.002633       0.047646          1e-06         -1e-06          5e-06       1.002633      -0.047646          1e-06          1e-06          5e-06 
     222              0  -0.8884592329    1.774596669              1       1.000136       0.034286        1.9e-05          4e-06        9.2e-05       1.000136      -0.034286        1.9e-05         -4e-06        9.2e-05 
     223              0   0.8884592329    1.774596669              1       1.004222       0.049377        1.9e-05         -5e-06        3.3e-05       1.004222      -0.049377        1.9e-05          5e-06        3.3e-05 
     224              0  -0.9938319632    1.774596669              1       1.000202       0.028327        2.1e-05          1e-05        9.4e-05       1.000202      -0.028327        2.1e-05         -1e-05        9.4e-05 
     225              0   0.9938319632    1.774596669              1       1.004123       0.046087        1.9e-05         -4e-06        2.9e-05       1.004123      -0.046087        1.9e-05          4e-06        2.9e-05 
     226              0  -0.1124889431              1              1       0.993382       0.099885        2.3e-05         -1e-05        6.4e-05       0.993382      -0.099885        2.3e-05          1e-05        6.4e-05 
     227              0   0.1124889431              1              1       0.996929       0.094412        1.4e-05       -1.1e-05          5e-05       0.996929      -0.094412        1.4e-05        1.1e-05          5e-05 
     228              0  -0.3311353933              1              1       0.993942       0.083246        2.1e-05         -5e-06        6.1e-05       0.993942      -0.083246        2.1e-05          5e-06        6.1e-05 
     229              0   0.3311353933              1              1       1.000184       0.078623          1e-05         -7e-06        3.4e-05       1.000184      -0.078623          1e-05          7e-06        3.4e-05 
     230              0  -0.5313197436              1              1       0.996387       0.062011        1.5e-05         -2e-06        4.7e-05       0.996387      -0.062011        1.5e-05          2e-06        4.7e-05 
     231              0   0.5313197436              1              1       1.001782       0.065796          8e-06         -4e-06        2.4e-05       1.001782      -0.065796          8e-06          4e-06        2.4e-05 
     232              0  -0.7024962065              1              1       0.998126       0.047101        1.1e-05             -0        3.7e-05       0.998126      -0.047101        1.1e-05              0        3.7e-05 
     233              0   0.7024962065              1              1       1.002505       0.057354          7e-06         -3e-06        1.8e-05       1.002505      -0.057354          7e-06          3e-06        1.8e-05 
     234              0  -0.8367259382              1              1       0.999115       0.037925          9e-06              0        3.1e-05       0.999115      -0.037925          9e-06             -0        3.1e-05 
     235              0   0.8367259382              1              1       1.002845       0.052096          7e-06         -3e-06        1.5e-05       1.002845      -0.052096          7e-06          3e-06        1.5e-05 
     236              0  -0.9296548574              1              1       0.999645       0.032611          8e-06              0        2.9e-05       0.999645      -0.032611          8e-06             -0        2.9e-05 
     237              0   0.9296548574              1              1       1.003008       0.049013          6e-06         -2e-06        1.3e-05       1.003008      -0.049013          6e-06          2e-06        1.3e-05 
     238              0  -0.9815311496              1              1       0.999897       0.029942          7e-06              0        2.9e-05       0.999897      -0.029942          7e-06             -0        2.9e-05 
     239              0   -0.999098125              1              1       0.999976       0.029079          7e-06              0        2.9e-05       0.999976      -0.029079          7e-06             -0        2.9e-05 
     240              0   0.9815311496              1              1       1.003081       0.047459          6e-06         -2e-06        1.2e-05       1.003081      -0.047459          6e-06          2e-06        1.2e-05 
     241              0    0.999098125              1              1       1.003104       0.046957          6e-06         -2e-06        1.2e-05       1.003104      -0.046957          6e-06          2e-06        1.2e-05 
     242   0.7745966692  -0.2233866864              1              1       0.995064       0.050811        1.1e-05         -4e-06        3.1e-05       0.995064      -0.050811        1.1e-05          4e-06        3.1e-05 
     243   0.7745966692   0.2233866864              1              1       0.989093       0.074399        1.9e-05         -9e-06        3.7e-05       0.989093      -0.074399        1.9e-05          9e-06        3.7e-05 
     244  -0.7745966692  -0.2233866864              1              1       1.004626        0.07538          6e-06         -4e-06        4.5e-05       1.004626       -0.07538          6e-06          4e-06        4.5e-05 
     245  -0.7745966692   0.2233866864              1              1          1.006       0.056541          3e-06         -1e-06        2.2e-05          1.006      -0.056541          3e-06          1e-06        2.2e-05 
     246   0.7745966692  -0.6211029467              1              1        0.99929       0.030418          7e-06         -2e-06        2.1e-05        0.99929      -0.030418          7e-06          2e-06        2.1e-05 
     247   0.7745966692   0.6211029467              1              1       0.992645       0.070208        1.9e-05         -8e-06        2.7e-05       0.992645      -0.070208        1.9e-05          8e-06        2.7e-05 
     248  -0.7745966692  -0.6211029467              1              1         1.0002       0.070668        2.3e-05             -0        5.8e-05         1.0002      -0.070668        2.3e-05              0        5.8e-05 
     249  -0.7745966692   0.6211029467              1              1       1.005664       0.044244          3e-06         -1e-06        1.2e-05       1.005664      -0.044244          3e-06          1e-06        1.2e-05 
     250   0.7745966692  -0.8884592329              1              1       1.000701       0.020582          5e-06         -2e-06        2.2e-05       1.000701      -0.020582          5e-06          2e-06        2.2e-05 
     251  -0.7745966692  -0.8884592329              1              1       0.999075        0.05147        2.1e-05          3e-06          5e-05       0.999075       -0.05147        2.1e-05         -3e-06          5e-05 
     252   0.7745966692   0.8884592329              1              1       0.996178       0.060132        1.5e-05         -5e-06        1.9e-05       0.996178      -0.060132        1.5e-05          5e-06        1.9e-05 
     253  -0.7745966692   0.8884592329              1              1       1.005379       0.038663          3e-06             -0          9e-06       1.005379      -0.038663          3e-06              0          9e-06 
     254   0.7745966692  -0.9938319632              1              1       1.001022        0.01717          5e-06         -1e-06        2.5e-05       1.001022       -0.01717          5e-06          1e-06        2.5e-05 
     255  -0.7745966692  -0.9938319632              1              1       0.999111        0.04409        1.9e-05          3e-06        4.7e-05       0.999111       -0.04409        1.9e-05         -3e-06        4.7e-05 
     256   0.7745966692   0.9938319632              1              1       0.997232       0.056364        1.4e-05         -5e-06        1.7e-05       0.997232      -0.056364        1.4e-05          5e-06        1.7e-05 
     257  -0.7745966692   0.9938319632              1              1       1.005276       0.036874          3e-06             -0          8e-06       1.005276      -0.036874          3e-06              0          8e-06 
     258   0.4342437493  -0.7745966692   0.2254033308              1       0.999581        0.03109          4e-06         -1e-06          7e-06       0.999581       -0.03109          4e-06          1e-06          7e-06 
     259  -0.4342437493  -0.7745966692   0.2254033308              1       0.995698       0.053588          1e-05          2e-06        1.5e-05       0.995698      -0.053588          1e-05         -2e-06        1.5e-05 
     260   0.4342437493   0.7745966692   0.2254033308              1       0.996167       0.062245          5e-06         -4e-06          7e-06       0.996167      -0.062245          5e-06          4e-06          7e-06 
     261  -0.4342437493   0.7745966692   0.2254033308              1       1.004703       0.046589          1e-06             -0          6e-06       1.004703      -0.046589          1e-06              0          6e-06 
     262   0.4342437493  -0.7745966692    1.774596669              1       0.999607       0.030774        1.2e-05              0        7.1e-05       0.999607      -0.030774        1.2e-05             -0        7.1e-05 
     263  -0.4342437493  -0.7745966692    1.774596669              1       1.004625       0.056354        4.3e-05        1.2e-05        0.00013       1.004625      -0.056354        4.3e-05       -1.2e-05        0.00013 
     264   0.4342437493   0.7745966692    1.774596669              1       1.004947        0.06118        3.9e-05         -6e-06        5.2e-05       1.004947       -0.06118        3.9e-05          6e-06        5.2e-05 
     265  -0.4342437493   0.7745966692    1.774596669              1       1.004879       0.045852        1.2e-05         -4e-06        2.9e-05       1.004879      -0.045852        1.2e-05          4e-06        2.9e-05 
     266   0.9604912687  -0.7745966692   0.2254033308              1       1.000584       0.021604          4e-06         -3e-06          7e-06       1.000584      -0.021604          4e-06          3e-06          7e-06 
     267   0.9604912687   0.7745966692   0.2254033308              1       0.986648       0.062594        1.1e-05         -5e-06          6e-06       0.986648      -0.062594        1.1e-05          5e-06          6e-06 
     268  -0.9604912687  -0.7745966692   0.2254033308              1       0.993603       0.056347        1.7e-05          6e-06        2.2e-05       0.993603      -0.056347        1.7e-05         -6e-06        2.2e-05 
     269  -0.9604912687   0.7745966692   0.2254033308              1       1.005908       0.038337          1e-06          1e-06          5e-06       1.005908      -0.038337          1e-06         -1e-06          5e-06 
     270   0.9604912687  -0.7745966692    1.774596669              1       1.000002       0.021624          9e-06          1e-06        5.6e-05       1.000002      -0.021624          9e-06         -1e-06        5.6e-05 
     271   0.9604912687   0.7745966692    1.774596669              1       1.009581       0.064242       0.000102       -1.2e-05        6.9e-05       1.009581      -0.064242       0.000102        1.2e-05        6.9e-05 
     272  -0.9604912687  -0.7745966692    1.774596669              1       1.019321       0.065366       0.000124        1.7e-05       0.000148       1.019321      -0.065366       0.000124       -1.7e-05       0.000148 
     273  -0.9604912687   0.7745966692    1.774596669              1       1.005289        0.03822          8e-06         -2e-06        2.1e-05       1.005289       -0.03822          8e-06          2e-06        2.1e-05 
     274   0.4342437493  -0.2233866864              1              1        0.99307       0.067966        1.5e-05         -5e-06        4.5e-05        0.99307      -0.067966        1.5e-05          5e-06        4.5e-05 
     275   0.4342437493   0.2233866864              1              1       0.990622       0.088503        2.1e-05       -1.1e-05        4.4e-05       0.990622      -0.088503        2.1e-05        1.1e-05        4.4e-05 
     276  -0.4342437493  -0.2233866864              1              1       1.000575       0.093023        1.5e-05         -8e-06        6.2e-05       1.000575      -0.093023        1.5e-05          8e-06        6.2e-05 
     277  -0.4342437493   0.2233866864              1              1       1.004485       0.069016          5e-06         -4e-06          3e-05       1.004485      -0.069016          5e-06          4e-06          3e-05 
     278   0.4342437493  -0.6211029467              1              1       0.998467       0.038893          8e-06         -1e-06        2.7e-05       0.998467      -0.038893          8e-06          1e-06        2.7e-05 
     279  -0.4342437493  -0.6211029467              1              1       0.997807       0.068743        2.2e-05         -1e-06        5.6e-05       0.997807      -0.068743        2.2e-05          1e-06        5.6e-05 
     280   0.4342437493   0.6211029467              1              1       0.997156       0.069553        1.4e-05         -6e-06        2.5e-05       0.997156      -0.069553        1.4e-05          6e-06        2.5e-05 
     281  -0.4342437493   0.6211029467              1              1       1.004806       0.050985          4e-06         -2e-06        1.5e-05       1.004806      -0.050985          4e-06          2e-06        1.5e-05 
     282   0.4342437493  -0.8884592329              1              1       1.000209       0.026008          6e-06         -1e-06        2.3e-05       1.000209      -0.026008          6e-06          1e-06        2.3e-05 
     283   0.9604912687  -0.2233866864              1              1       0.996026       0.043798          1e-05         -4e-06        2.6e-05       0.996026      -0.043798          1e-05          4e-06        2.6e-05 
     284   0.9604912687   0.2233866864              1              1       0.989909        0.06537        1.7e-05         -9e-06        3.3e-05       0.989909       -0.06537        1.7e-05          9e-06        3.3e-05 
     285  -0.4342437493  -0.8884592329              1              1       0.998814       0.045273        1.4e-05          1e-06        4.2e-05       0.998814      -0.045273        1.4e-05         -1e-06        4.2e-05 
     286  -0.9604912687  -0.2233866864              1              1       1.005509       0.066201          4e-06         -2e-06        3.7e-05       1.005509      -0.066201          4e-06          2e-06        3.7e-05 
     287   0.4342437493   0.8884592329              1              1       0.999673       0.057059        1.1e-05         -4e-06        1.7e-05       0.999673      -0.057059        1.1e-05          4e-06        1.7e-05 
     288  -0.9604912687   0.2233866864              1              1       1.006295       0.051078          3e-06         -1e-06        1.9e-05       1.006295      -0.051078          3e-06          1e-06        1.9e-05 
     289  -0.4342437493   0.8884592329              1              1       1.004701       0.043389          4e-06         -1e-06        1.1e-05       1.004701      -0.043389          4e-06          1e-06        1.1e-05 
     290   0.4342437493  -0.9938319632              1              1        1.00065       0.021906          5e-06         -1e-06        2.4e-05        1.00065      -0.021906          5e-06          1e-06        2.4e-05 
     291  -0.4342437493  -0.9938319632              1              1       0.999252       0.038081        1.2e-05          2e-06        3.9e-05       0.999252      -0.038081        1.2e-05         -2e-06        3.9e-05 
     292   0.4342437493   0.9938319632              1              1       1.000297       0.053134          1e-05         -3e-06        1.5e-05       1.000297      -0.053134          1e-05          3e-06        1.5e-05 
     293  -0.4342437493   0.9938319632              1              1       1.004647       0.041041          4e-06         -1e-06          1e-05       1.004647      -0.041041          4e-06          1e-06          1e-05 
     294   0.9604912687  -0.6211029467              1              1       0.999658       0.026761          6e-06         -3e-06          2e-05       0.999658      -0.026761          6e-06          3e-06          2e-05 
     295   0.9604912687   0.6211029467              1              1       0.990929       0.067586          2e-05         -8e-06        2.6e-05       0.990929      -0.067586          2e-05          8e-06        2.6e-05 
     296  -0.9604912687  -0.6211029467              1              1       1.001595       0.067053        1.9e-05              0        5.3e-05       1.001595      -0.067053        1.9e-05             -0        5.3e-05 
     297  -0.9604912687   0.6211029467              1              1       1.005891       0.041115          3e-06             -0        1.1e-05       1.005891      -0.041115          3e-06              0        1.1e-05 
     298   0.9604912687  -0.8884592329              1              1       1.000902       0.018071          5e-06         -2e-06        2.2e-05       1.000902      -0.018071          5e-06          2e-06        2.2e-05 
     299  -0.9604912687  -0.8884592329              1              1       0.999583         0.0527        2.3e-05          3e-06        5.2e-05       0.999583        -0.0527        2.3e-05         -3e-06        5.2e-05 
     300   0.9604912687   0.8884592329              1              1        0.99427       0.060261        1.8e-05         -6e-06          2e-05        0.99427      -0.060261        1.8e-05          6e-06          2e-05 
     301  -0.9604912687   0.8884592329              1              1       1.005589       0.036397          3e-06             -0          8e-06       1.005589      -0.036397          3e-06              0          8e-06 
     302   0.9604912687  -0.9938319632              1              1       1.001109       0.014919          5e-06         -1e-06        2.7e-05       1.001109      -0.014919          5e-06          1e-06        2.7e-05 
     303  -0.9604912687  -0.9938319632              1              1       0.999312       0.046043        2.2e-05          4e-06          5e-05       0.999312      -0.046043        2.2e-05         -4e-06          5e-05 
     304   0.9604912687   0.9938319632              1              1       0.995449       0.056988        1.6e-05         -5e-06        1.8e-05       0.995449      -0.056988        1.6e-05          5e-06        1.8e-05 
     305  -0.9604912687   0.9938319632              1              1       1.005481       0.034855          3e-06             -0          7e-06       1.005481      -0.034855          3e-06              0          7e-06 
     306   0.4342437493  -0.7745966692              1    1.774596669       0.999455       0.030273        1.6e-05         -6e-06        6.4e-05       0.999455      -0.030273        1.6e-05          6e-06        6.4e-05 
     307  -0.4342437493  -0.7745966692              1    1.774596669       0.991855       0.051138        5.2e-05          2e-06       0.000132       0.991855      -0.051138        5.2e-05         -2e-06       0.000132 
     308   0.4342437493   0.7745966692              1    1.774596669       0.992657       0.062122        2.7e-05       -1.7e-05        5.9e-05       0.992657      -0.062122        2.7e-05        1.7e-05        5.9e-05 
     309  -0.4342437493   0.7745966692              1    1.774596669       1.004613       0.046438          6e-06         -2e-06        3.7e-05       1.004613      -0.046438          6e-06          2e-06        3.7e-05 
     310   0.4342437493  -0.7745966692              1   0.2254033308       0.999675       0.031307          3e-06          1e-06          7e-06       0.999675      -0.031307          3e-06         -1e-06          7e-06 
     311  -0.4342437493  -0.7745966692              1   0.2254033308       1.001106       0.055695          9e-06          1e-06        1.2e-05       1.001106      -0.055695          9e-06         -1e-06        1.2e-05 
     312   0.4342437493   0.7745966692              1   0.2254033308       1.001401       0.061826          8e-06         -2e-06          2e-06       1.001401      -0.061826          8e-06          2e-06          2e-06 
     313  -0.4342437493   0.7745966692              1   0.2254033308       1.004799        0.04631          4e-06         -1e-06          2e-06       1.004799       -0.04631          4e-06          1e-06          2e-06 
     314   0.9604912687  -0.7745966692              1    1.774596669       1.000419       0.020246        1.5e-05         -6e-06          6e-05       1.000419      -0.020246        1.5e-05          6e-06          6e-05 
     315   0.9604912687   0.7745966692              1    1.774596669       0.978211       0.059801        8.5e-05       -1.3e-05        5.8e-05       0.978211      -0.059801        8.5e-05        1.3e-05        5.8e-05 
     316  -0.9604912687  -0.7745966692              1    1.774596669       0.984033       0.048164       0.000172        9.6e-05       0.000238       0.984033      -0.048164       0.000172       -9.6e-05       0.000238 
     317  -0.9604912687   0.7745966692              1    1.774596669       1.006117       0.037969          5e-06          1e-06        2.7e-05       1.006117      -0.037969          5e-06         -1e-06        2.7e-05 
     318   0.9604912687  -0.7745966692              1   0.2254033308       1.000382        0.02213          1e-06              0          5e-06       1.000382       -0.02213          1e-06             -0          5e-06 
     319   0.9604912687   0.7745966692              1   0.2254033308       0.999484       0.064568        1.1e-05         -2e-06          2e-06       0.999484      -0.064568        1.1e-05          2e-06          2e-06 
     320  -0.9604912687  -0.7745966692              1   0.2254033308       1.007528       0.063051          1e-05          1e-06        1.1e-05       1.007528      -0.063051          1e-05         -1e-06        1.1e-05 
     321  -0.9604912687   0.7745966692              1   0.2254033308       1.005522       0.038435          2e-06             -0          2e-06       1.005522      -0.038435          2e-06              0          2e-06 
     322              0  -0.4342437493   0.2254033308    1.774596669       0.987147       0.067393        5.2e-05          1e-06        4.5e-05       0.987147      -0.067393        5.2e-05         -1e-06        4.5e-05 
     323              0   0.4342437493   0.2254033308    1.774596669       0.994884       0.071165        1.3e-05       -1.2e-05        3.1e-05       0.994884      -0.071165        1.3e-05        1.2e-05        3.1e-05 
     324              0  -0.4342437493   0.2254033308   0.2254033308        0.99535       0.072257          1e-06             -0          1e-06        0.99535      -0.072257          1e-06              0          1e-06 
     325              0   0.4342437493   0.2254033308   0.2254033308        1.00113       0.071807              0             -0          1e-06        1.00113      -0.071807              0              0          1e-06 
     326              0  -0.4342437493    1.774596669    1.774596669       0.994834       0.071253        7.3e-05       -1.9e-05       0.000417       0.994834      -0.071253        7.3e-05        1.9e-05       0.000417 
     327              0   0.4342437493    1.774596669    1.774596669       1.001123       0.071145        3.4e-05       -2.5e-05       0.000217       1.001123      -0.071145        3.4e-05        2.5e-05       0.000217 
     328              0  -0.4342437493    1.774596669   0.2254033308       1.004388       0.078394          3e-05          1e-05        3.5e-05       1.004388      -0.078394          3e-05         -1e-05        3.5e-05 
     329              0   0.4342437493    1.774596669   0.2254033308        1.00764       0.072693        2.6e-05         -4e-06          9e-06        1.00764      -0.072693        2.6e-05          4e-06          9e-06 
     330              0  -0.9604912687   0.2254033308    1.774596669       0.998761       0.031268        1.2e-05          1e-06        2.2e-05       0.998761      -0.031268        1.2e-05         -1e-06        2.2e-05 
     331              0   0.9604912687   0.2254033308    1.774596669       1.001369       0.049447          4e-06         -4e-06        1.8e-05       1.001369      -0.049447          4e-06          4e-06        1.8e-05 
     332              0  -0.9604912687   0.2254033308   0.2254033308       0.999886       0.031431              0              0          1e-06       0.999886      -0.031431              0             -0          1e-06 
     333              0   0.9604912687   0.2254033308   0.2254033308       1.003045       0.048278              0             -0              0       1.003045      -0.048278              0              0              0 
     334              0  -0.9604912687    1.774596669    1.774596669       0.998835       0.029525        3.7e-05        2.1e-05       0.000197       0.998835      -0.029525        3.7e-05       -2.1e-05       0.000197 
     335              0   0.9604912687    1.774596669    1.774596669       1.003049        0.04757        2.1e-05         -9e-06        8.8e-05       1.003049       -0.04757        2.1e-05          9e-06        8.8e-05 
     336              0  -0.9604912687    1.774596669   0.2254033308       1.000692       0.030708        1.4e-05          4e-06        3.7e-05       1.000692      -0.030708        1.4e-05         -4e-06        3.7e-05 
     337              0   0.9604912687    1.774596669   0.2254033308       1.004602       0.046959        1.8e-05         -3e-06          6e-06       1.004602      -0.046959        1.8e-05          3e-06          6e-06 
