  0.9992787238   0.0612826976 2.94443873e-05 -6.80728676e-07 5.734643553e-05   0.9992787238  -0.0612826976 2.94443873e-05 6.80728676e-07 5.734643553e-05              0              0              0              0 
-0.005829850673 -0.003360948234 6.745609768e-06 -5.509705808e-06 -7.259467916e-06 -0.005829850673 0.003360948234 6.745609768e-06 5.509705808e-06 -7.259467916e-06              1              0              0              0 
0.001184198305 -0.01291603764 1.123862758e-05 7.309181202e-06 -1.285496045e-05 0.001184198305  0.01291603764 1.123862758e-05 -7.309181202e-06 -1.285496045e-05              2              0              0              0 
0.001285551014 0.006383863767 -6.522066237e-06 -6.622278737e-06 -2.619358381e-05 0.001285551014 -0.006383863767 -6.522066237e-06 6.622278737e-06 -2.619358381e-05              0              1              0              0 
0.002393295439  -0.0298866503 -6.700144811e-06 6.006287074e-06 -2.857523949e-05 0.002393295439   0.0298866503 -6.700144811e-06 -6.006287074e-06 -2.857523949e-05              0              2              0              0 
0.005842526061 0.002318680518 3.281546086e-05 5.264761971e-06 6.806184536e-05 0.005842526061 -0.002318680518 3.281546086e-05 -5.264761971e-06 6.806184536e-05              0              0              1              0 
0.002722286094 0.0008895856685 3.782873218e-05 8.515515354e-06 3.140905834e-05 0.002722286094 -0.0008895856685 3.782873218e-05 -8.515515354e-06 3.140905834e-05              0              0              2              0 
-0.00522170866 -0.003098111231 3.292052541e-05 -1.127663318e-06 6.757314314e-05 -0.00522170866 0.003098111231 3.292052541e-05 1.127663318e-06 6.757314314e-05              0              0              0              1 
-0.001757063012 -0.001105769542 2.755412176e-05 7.766468556e-06 2.581871014e-05 -0.001757063012 0.001105769542 2.755412176e-05 -7.766468556e-06 2.581871014e-05              0              0              0              2 
-0.004600520334  0.02766576084 4.213203388e-05 4.934871552e-06 3.732606763e-05 -0.004600520334 -0.02766576084 4.213203388e-05 -4.934871552e-06 3.732606763e-05              1              1              0              0 
-0.00333348135 0.0005008728832 1.537636255e-06 -4.863925709e-06 -3.241620611e-06 -0.00333348135 -0.0005008728832 1.537636255e-06 4.863925709e-06 -3.241620611e-06              2              1              0              0 
0.005468338319 -0.0006486737581 -2.148927582e-05 -6.450039087e-06 -1.24755046e-05 0.005468338319 0.0006486737581 -2.148927582e-05 6.450039087e-06 -1.24755046e-05              1              2              0              0 
-0.002928608839  0.02209302244 2.306483899e-05 1.63672186e-06 3.300472097e-05 -0.002928608839 -0.02209302244 2.306483899e-05 -1.63672186e-06 3.300472097e-05              2              2              0              0 
-7.46539381e-05 0.003831941577 4.780609343e-06 2.103877182e-06 1.444247277e-05 -7.46539381e-05 -0.003831941577 4.780609343e-06 -2.103877182e-06 1.444247277e-05              0              3              0              0 
-0.001003036073 0.008172261891 -5.845359362e-06 -4.417798112e-06 9.513644186e-06 -0.001003036073 -0.008172261891 -5.845359362e-06 4.417798112e-06 9.513644186e-06              0              4              0              0 
-0.0002408200263 -0.002355129143 -4.545074727e-06 -2.029340844e-06 -8.190071449e-06 -0.0002408200263 0.002355129143 -4.545074727e-06 2.029340844e-06 -8.190071449e-06              0              5              0              0 
-0.0001432179936 -0.001421776153 -2.371831117e-07 -5.956441051e-06 -3.235116897e-05 -0.0001432179936 0.001421776153 -2.371831117e-07 5.956441051e-06 -3.235116897e-05              0              1              1              0 
-0.003881484246 -0.004104965163 1.297093936e-06 7.824401056e-06 -4.476204363e-05 -0.003881484246 0.004104965163 1.297093936e-06 -7.824401056e-06 -4.476204363e-05              0              2              1              0 
-8.990368885e-05 -0.0005590756498 -1.175532154e-06 -5.552276821e-06 -1.380457441e-05 -8.990368885e-05 0.0005590756498 -1.175532154e-06 5.552276821e-06 -1.380457441e-05              0              1              2              0 
-0.001731801284 -0.001656492686 1.113723303e-06 -1.654535857e-06 -2.294386754e-05 -0.001731801284 0.001656492686 1.113723303e-06 1.654535857e-06 -2.294386754e-05              0              2              2              0 
0.0003248755802   0.0017911742 -1.071785068e-05 -6.719008925e-06 -3.120574438e-05 0.0003248755802  -0.0017911742 -1.071785068e-05 6.719008925e-06 -3.120574438e-05              0              1              0              1 
0.003736357878  0.00329585731 -3.038363705e-06 1.214618021e-05 -4.482971558e-05 0.003736357878 -0.00329585731 -3.038363705e-06 -1.214618021e-05 -4.482971558e-05              0              2              0              1 
9.017186109e-05 0.0006061741492 -7.00320309e-06 -4.466000953e-06 -1.150014907e-05 9.017186109e-05 -0.0006061741492 -7.00320309e-06 4.466000953e-06 -1.150014907e-05              0              1              0              2 
0.0008643225033 0.0008928085921 -3.466889352e-06 8.428177138e-06 -6.449326147e-06 0.0008643225033 -0.0008928085921 -3.466889352e-06 -8.428177138e-06 -6.449326147e-06              0              2              0              2 
0.001262195157 -0.0003998692707 5.072727123e-06 -1.588840858e-06 -1.505032162e-07 0.001262195157 0.0003998692707 5.072727123e-06 1.588840858e-06 -1.505032162e-07              1              0              1              0 
0.001854364572 0.0006495371928 1.946169289e-05 1.503523246e-05 -2.260268324e-05 0.001854364572 -0.0006495371928 1.946169289e-05 -1.503523246e-05 -2.260268324e-05              2              0              1              0 
0.0005154275118 -0.0002212193147 4.301987061e-06 -4.204556075e-07 1.374500103e-07 0.0005154275118 0.0002212193147 4.301987061e-06 4.204556075e-07 1.374500103e-07              1              0              2              0 
0.0009862280903 1.837329008e-05 1.722589987e-05 4.139585387e-06 -1.023180714e-05 0.0009862280903 -1.837329008e-05 1.722589987e-05 -4.139585387e-06 -1.023180714e-05              2              0              2              0 
0.001060213486 0.0007602181714 -8.084210775e-06 -3.78972796e-06 -6.064086232e-07 0.001060213486 -0.0007602181714 -8.084210775e-06 3.78972796e-06 -6.064086232e-07              3              0              0              0 
2.941178762e-05 0.001366057662 8.794923546e-06 1.179420504e-06 4.23063069e-06 2.941178762e-05 -0.001366057662 8.794923546e-06 -1.179420504e-06 4.23063069e-06              4              0              0              0 
-0.0003839870255 -3.890747054e-07 5.041869461e-06 2.238301282e-06 5.411723532e-07 -0.0003839870255 3.890747054e-07 5.041869461e-06 -2.238301282e-06 5.411723532e-07              5              0              0              0 
 0.00175783929   -0.018815755 -3.490806415e-05 -3.053858784e-06 -2.453485036e-05  0.00175783929    0.018815755 -3.490806415e-05 3.053858784e-06 -2.453485036e-05              1              3              0              0 
0.003769386496 -0.00355866304 -1.677192951e-05 -2.972611947e-06 -1.182312508e-05 0.003769386496  0.00355866304 -1.677192951e-05 2.972611947e-06 -1.182312508e-05              2              3              0              0 
-0.00221396805 0.003588734976 9.513546749e-06 5.57139181e-06 1.420591614e-05 -0.00221396805 -0.003588734976 9.513546749e-06 -5.57139181e-06 1.420591614e-05              1              4              0              0 
0.000585305269 -0.01356508425 -5.250764491e-05 -6.703130409e-06 -2.702381753e-05 0.000585305269  0.01356508425 -5.250764491e-05 6.703130409e-06 -2.702381753e-05              2              4              0              0 
-0.0003952222354  0.00747042065 7.963813536e-06 -1.673613547e-06 5.838543271e-06 -0.0003952222354 -0.00747042065 7.963813536e-06 1.673613547e-06 5.838543271e-06              1              5              0              0 
-0.002025246019 0.003973323205 1.752867596e-05 5.325048593e-06 1.418008509e-05 -0.002025246019 -0.003973323205 1.752867596e-05 -5.325048593e-06 1.418008509e-05              2              5              0              0 
-0.00143754095 0.0002823796772 6.494176323e-06 -9.482403678e-06 -7.956812858e-06 -0.00143754095 -0.0002823796772 6.494176323e-06 9.482403678e-06 -7.956812858e-06              1              0              0              1 
-0.00048592425 -0.001399515267 2.784533706e-05 1.03144972e-05 -3.292991223e-05 -0.00048592425 0.001399515267 2.784533706e-05 -1.03144972e-05 -3.292991223e-05              2              0              0              1 
-0.0003921175099 6.469497569e-05 3.665155119e-06 -5.476761692e-06 -6.656075932e-06 -0.0003921175099 -6.469497569e-05 3.665155119e-06 5.476761692e-06 -6.656075932e-06              1              0              0              2 
-0.0002617719662 -0.0007295760743 1.597153456e-05 1.188466625e-05 -4.875708116e-06 -0.0002617719662 0.0007295760743 1.597153456e-05 -1.188466625e-05 -4.875708116e-06              2              0              0              2 
-0.01083488813 -0.003829926387 4.028135007e-05 7.076628358e-06 4.141965848e-05 -0.01083488813 0.003829926387 4.028135007e-05 -7.076628358e-06 4.141965848e-05              1              1              0              1 
-0.000410656111 0.0004968454018 2.940956024e-07 -1.146858631e-05 -1.372243164e-05 -0.000410656111 -0.0004968454018 2.940956024e-07 1.146858631e-05 -1.372243164e-05              2              1              0              1 
 0.00273001378 0.002079453368 -2.976894091e-05 -5.531661948e-06 -1.306517657e-05  0.00273001378 -0.002079453368 -2.976894091e-05 5.531661948e-06 -1.306517657e-05              1              2              0              1 
-0.005413125721 -0.002264386771 2.321882876e-05 3.094619551e-06 3.692164637e-05 -0.005413125721 0.002264386771 2.321882876e-05 -3.094619551e-06 3.692164637e-05              2              2              0              1 
-0.003436548882 -0.001707802684 2.802758966e-05 7.575281853e-06 1.575862307e-05 -0.003436548882 0.001707802684 2.802758966e-05 -7.575281853e-06 1.575862307e-05              1              1              0              2 
-9.211246445e-05 0.0002328000786 -1.597520921e-06 -8.475584156e-06 -1.200146833e-05 -9.211246445e-05 -0.0002328000786 -1.597520921e-06 8.475584156e-06 -1.200146833e-05              2              1              0              2 
0.0007689143837 0.0009043031321 -1.903687251e-05 -5.825591062e-06 -6.78208236e-06 0.0007689143837 -0.0009043031321 -1.903687251e-05 5.825591062e-06 -6.78208236e-06              1              2              0              2 
-0.001844177389 -0.0009691227712 1.664074754e-05 5.255337669e-06 1.557148212e-05 -0.001844177389 0.0009691227712 1.664074754e-05 -5.255337669e-06 1.557148212e-05              2              2              0              2 
  0.0119309993 0.002994324485 4.166486733e-05  5.2929592e-06 3.869287158e-05   0.0119309993 -0.002994324485 4.166486733e-05 -5.2929592e-06 3.869287158e-05              1              1              1              0 
0.0003955722395 -0.0002889000247 1.989686784e-06 -3.594130468e-07 9.312591774e-06 0.0003955722395 0.0002889000247 1.989686784e-06 3.594130468e-07 9.312591774e-06              2              1              1              0 
-0.003225086066 -0.001870597443 -1.233981255e-05 -7.553768378e-06 -1.52312905e-05 -0.003225086066 0.001870597443 -1.233981255e-05 7.553768378e-06 -1.52312905e-05              1              2              1              0 
0.005557884908  0.00185061114 1.559180635e-05 3.432570029e-06 2.94424391e-05 0.005557884908 -0.00185061114 1.559180635e-05 -3.432570029e-06 2.94424391e-05              2              2              1              0 
0.004824143596 0.0007418009656 2.990012388e-05 6.39114165e-06 1.690671593e-05 0.004824143596 -0.0007418009656 2.990012388e-05 -6.39114165e-06 1.690671593e-05              1              1              2              0 
0.0001377985882 -0.0001738581715 1.179556451e-06 -6.353810704e-07 3.695379758e-06 0.0001377985882 0.0001738581715 1.179556451e-06 6.353810704e-07 3.695379758e-06              2              1              2              0 
-0.001498805108 -0.000591578925 -9.722748037e-06 -5.958267214e-06 -7.074243164e-06 -0.001498805108 0.000591578925 -9.722748037e-06 5.958267214e-06 -7.074243164e-06              1              2              2              0 
0.002139987304 0.0005851033153 1.086677722e-05 4.546454633e-06 1.289048796e-05 0.002139987304 -0.0005851033153 1.086677722e-05 -4.546454633e-06 1.289048796e-05              2              2              2              0 
0.001235552767 -0.007688212946 7.938545003e-06 5.363389769e-06 -3.985576289e-06 0.001235552767 0.007688212946 7.938545003e-06 -5.363389769e-06 -3.985576289e-06              3              1              0              0 
0.0008590372454 8.452930118e-05 1.35601954e-07 -2.565416906e-07 -1.998600061e-08 0.0008590372454 -8.452930118e-05 1.35601954e-07 2.565416906e-07 -1.998600061e-08              4              1              0              0 
-0.0001454696633 0.001216089761 -1.867137724e-06 -8.071158323e-07 8.741866853e-07 -0.0001454696633 -0.001216089761 -1.867137724e-06 8.071158323e-07 8.741866853e-07              5              1              0              0 
-0.002757957097 0.0001576308372 1.427744538e-05 3.403033582e-06 1.393361874e-06 -0.002757957097 -0.0001576308372 1.427744538e-05 -3.403033582e-06 1.393361874e-06              3              2              0              0 
0.0004810631705 -0.005828510576 -2.118719392e-05 -4.968126424e-08 -1.160566763e-05 0.0004810631705 0.005828510576 -2.118719392e-05 4.968126424e-08 -1.160566763e-05              4              2              0              0 
0.0005382625815 0.0001442920821 -7.383325875e-06 -2.468869115e-06 -9.677320062e-07 0.0005382625815 -0.0001442920821 -7.383325875e-06 2.468869115e-06 -9.677320062e-07              5              2              0              0 
0.0004113596613 -0.0006726169128 1.272348132e-05 3.706646036e-06 4.928246707e-05 0.0004113596613 0.0006726169128 1.272348132e-05 -3.706646036e-06 4.928246707e-05              0              0              1              1 
0.0002521515222 -0.0002123182705 9.409413454e-06 1.45529524e-06 1.776334201e-05 0.0002521515222 0.0002123182705 9.409413454e-06 -1.45529524e-06 1.776334201e-05              0              0              2              1 
-2.024262327e-05 -0.0001614428682 5.828055198e-06 4.827658745e-06 1.916052007e-05 -2.024262327e-05 0.0001614428682 5.828055198e-06 -4.827658745e-06 1.916052007e-05              0              0              1              2 
-4.213059464e-06 -4.677518801e-05 4.026477451e-06 2.194321662e-06 6.80483814e-06 -4.213059464e-06 4.677518801e-05 4.026477451e-06 -2.194321662e-06 6.80483814e-06              0              0              2              2 
0.0007473381457 0.001839556979 -6.279293171e-07 2.82490769e-06 2.417711488e-05 0.0007473381457 -0.001839556979 -6.279293171e-07 -2.82490769e-06 2.417711488e-05              0              3              1              0 
0.0001980199531 0.001634587049 -1.160766988e-05 -7.982144215e-06 1.59268969e-05 0.0001980199531 -0.001634587049 -1.160766988e-05 7.982144215e-06 1.59268969e-05              0              4              1              0 
-0.001237330266 -0.001720635288 -3.510017443e-06 -5.218588208e-06 -2.065792906e-05 -0.001237330266 0.001720635288 -3.510017443e-06 5.218588208e-06 -2.065792906e-05              0              5              1              0 
0.0004267815666 0.0008216803175 1.822284345e-07 3.877983678e-06 1.346503541e-05 0.0004267815666 -0.0008216803175 1.822284345e-07 -3.877983678e-06 1.346503541e-05              0              3              2              0 
1.435068138e-05 0.0008012422015 -9.484712528e-06 -4.3243098e-07 8.61728789e-06 1.435068138e-05 -0.0008012422015 -9.484712528e-06  4.3243098e-07 8.61728789e-06              0              4              2              0 
-0.0006273255351 -0.0008131901688 -2.436606199e-06 -5.300373351e-06 -1.080940541e-05 -0.0006273255351 0.0008131901688 -2.436606199e-06 5.300373351e-06 -1.080940541e-05              0              5              2              0 
-0.0004907377872 -0.001386882763 7.341503306e-06 -1.19830112e-06 1.82466329e-05 -0.0004907377872 0.001386882763 7.341503306e-06 1.19830112e-06 1.82466329e-05              0              3              0              1 
-0.001069439538 -0.001070097525 -1.182484917e-05 -7.42915752e-06 1.904117459e-05 -0.001069439538 0.001070097525 -1.182484917e-05 7.42915752e-06 1.904117459e-05              0              4              0              1 
0.001019148215  0.00129702964 -8.842204138e-06 2.73368862e-06 -7.417993867e-06 0.001019148215 -0.00129702964 -8.842204138e-06 -2.73368862e-06 -7.417993867e-06              0              5              0              1 
-4.69457037e-05 -0.0003450097961 4.607768993e-06 -1.917090274e-06 4.390453204e-06 -4.69457037e-05 0.0003450097961 4.607768993e-06 1.917090274e-06 4.390453204e-06              0              3              0              2 
-0.0001860777731 -0.000126159848 -5.797225036e-06 -7.352792446e-06 -6.026549274e-07 -0.0001860777731 0.000126159848 -5.797225036e-06 7.352792446e-06 -6.026549274e-07              0              4              0              2 
0.000232430044 0.0002797378476 -4.977738649e-06 3.032276717e-06 2.84172437e-06 0.000232430044 -0.0002797378476 -4.977738649e-06 -3.032276717e-06 2.84172437e-06              0              5              0              2 
-0.0002276163607 -0.001791625152 -1.469255388e-05 -2.5308469e-06 -5.490699285e-06 -0.0002276163607 0.001791625152 -1.469255388e-05  2.5308469e-06 -5.490699285e-06              0              6              0              0 
0.0003529804215 0.0009289508515 9.726559117e-06 4.841758158e-06 6.319310277e-06 0.0003529804215 -0.0009289508515 9.726559117e-06 -4.841758158e-06 6.319310277e-06              0              7              0              0 
0.0002118065767 0.0002850068552 1.056095536e-05 2.616132039e-06 1.834194234e-06 0.0002118065767 -0.0002850068552 1.056095536e-05 -2.616132039e-06 1.834194234e-06              0              8              0              0 
-0.000237868987 -0.0003484396151 -7.978473002e-06 -3.719253815e-06 -3.26312887e-06 -0.000237868987 0.0003484396151 -7.978473002e-06 3.719253815e-06 -3.26312887e-06              0              9              0              0 
-0.0001318287919 4.824673403e-06 -6.707567395e-06 -3.013281204e-07 -1.596099137e-07 -0.0001318287919 -4.824673403e-06 -6.707567395e-06 3.013281204e-07 -1.596099137e-07              0             10              0              0 
0.0001109918982 0.0001969533576 6.63402932e-06 2.321128859e-06 2.112860174e-06 0.0001109918982 -0.0001969533576 6.63402932e-06 -2.321128859e-06 2.112860174e-06              0             11              0              0 
-0.001384760722  0.01105813696 6.294207979e-06 -2.343929308e-06 8.778108823e-06 -0.001384760722 -0.01105813696 6.294207979e-06 2.343929308e-06 8.778108823e-06              3              3              0              0 
-0.001891862967 0.0009595343079 1.657096956e-06 1.62546726e-07 1.883360872e-06 -0.001891862967 -0.0009595343079 1.657096956e-06 -1.62546726e-07 1.883360872e-06              4              3              0              0 
0.0003187899661 -0.002863343113 -1.55162174e-06 8.963982105e-07 -2.171305204e-06 0.0003187899661 0.002863343113 -1.55162174e-06 -8.963982105e-07 -2.171305204e-06              5              3              0              0 
0.002856162536 -0.002495266019 -5.025114053e-06 3.18899622e-07 -4.018426526e-06 0.002856162536 0.002495266019 -5.025114053e-06 -3.18899622e-07 -4.018426526e-06              3              4              0              0 
-0.0007863757287 0.006537205575 4.644053245e-06 -1.088676784e-06 4.998261124e-06 -0.0007863757287 -0.006537205575 4.644053245e-06 1.088676784e-06 4.998261124e-06              4              4              0              0 
-0.001055209372 0.0006236018142 1.625692554e-06 -5.713002158e-08 6.529390178e-07 -0.001055209372 -0.0006236018142 1.625692554e-06 5.713002158e-08 6.529390178e-07              5              4              0              0 
0.0008469113587 -0.007540715201 -3.474885605e-06 2.117034792e-06 -5.147514283e-06 0.0008469113587 0.007540715201 -3.474885605e-06 -2.117034792e-06 -5.147514283e-06              3              5              0              0 
0.001888554496 -0.002090822466 -4.022134885e-06 -4.100254698e-07 -3.005592149e-06 0.001888554496 0.002090822466 -4.022134885e-06 4.100254698e-07 -3.005592149e-06              4              5              0              0 
-0.0002538007721 0.002890856401 1.636106119e-06 -7.436776825e-07 2.377956908e-06 -0.0002538007721 -0.002890856401 1.636106119e-06 7.436776825e-07 2.377956908e-06              5              5              0              0 
0.008354706951 0.004241225162 -3.140615268e-05 -1.403267145e-08 -1.671738618e-05 0.008354706951 -0.004241225162 -3.140615268e-05 1.403267145e-08 -1.671738618e-05              1              3              0              1 
0.002116162246 0.001379746407 -2.258641866e-05 -2.226125028e-06 -1.234978449e-05 0.002116162246 -0.001379746407 -2.258641866e-05 2.226125028e-06 -1.234978449e-05              2              3              0              1 
-0.001432384011 -0.00166652843 1.317931777e-05 3.300985579e-06 1.255582758e-05 -0.001432384011  0.00166652843 1.317931777e-05 -3.300985579e-06 1.255582758e-05              1              4              0              1 
  0.0117375023 0.005161296955 -4.895057965e-05 1.677847029e-06 -2.669869726e-05   0.0117375023 -0.005161296955 -4.895057965e-05 -1.677847029e-06 -2.669869726e-05              2              4              0              1 
-0.002285188965 -0.001480464685 4.250098804e-06 -4.94544191e-06 -3.057167501e-06 -0.002285188965 0.001480464685 4.250098804e-06 4.94544191e-06 -3.057167501e-06              1              5              0              1 
-0.001955036525 -0.001510055886 2.220774766e-05 6.926488304e-06 1.543090372e-05 -0.001955036525 0.001510055886 2.220774766e-05 -6.926488304e-06 1.543090372e-05              2              5              0              1 
0.002344041285 0.001589548078 -2.386764335e-05 -3.365942109e-06 -1.139817081e-06 0.002344041285 -0.001589548078 -2.386764335e-05 3.365942109e-06 -1.139817081e-06              1              3              0              2 
0.0007226634844 0.0006542934422 -1.349107815e-05 -3.327310987e-06 -2.36710178e-06 0.0007226634844 -0.0006542934422 -1.349107815e-05 3.327310987e-06 -2.36710178e-06              2              3              0              2 
-0.0003391403379 -0.0004748312572 7.385465006e-06 3.20217986e-06 4.106093993e-06 -0.0003391403379 0.0004748312572 7.385465006e-06 -3.20217986e-06 4.106093993e-06              1              4              0              2 
0.003522300436 0.002130466357 -3.93140143e-05 -3.487838842e-06 -5.619397503e-06 0.003522300436 -0.002130466357 -3.93140143e-05 3.487838842e-06 -5.619397503e-06              2              4              0              2 
-0.0004778926998 -0.0004135620566 3.489901856e-06 -2.468794923e-06 -5.851240441e-06 -0.0004778926998 0.0004135620566 3.489901856e-06 2.468794923e-06 -5.851240441e-06              1              5              0              2 
-0.0006122553493 -0.000722132703 1.468365468e-05 7.591557603e-06 8.160510175e-06 -0.0006122553493 0.000722132703 1.468365468e-05 -7.591557603e-06 8.160510175e-06              2              5              0              2 
-0.001573375753 -0.0006763526715 -7.060359916e-06 -4.817410444e-06 -4.886730449e-06 -0.001573375753 0.0006763526715 -7.060359916e-06 4.817410444e-06 -4.886730449e-06              3              0              1              0 
0.001777696506 0.0002953767812 1.433875542e-05 2.178407363e-06 9.018606568e-06 0.001777696506 -0.0002953767812 1.433875542e-05 -2.178407363e-06 9.018606568e-06              4              0              1              0 
0.000814887076 0.0003701693039 4.163753186e-06 3.021876096e-06 2.668089429e-06 0.000814887076 -0.0003701693039 4.163753186e-06 -3.021876096e-06 2.668089429e-06              5              0              1              0 
-0.0007692512139 -0.0002359471229 -6.188044474e-06 -4.045396058e-06 -3.28153805e-06 -0.0007692512139 0.0002359471229 -6.188044474e-06 4.045396058e-06 -3.28153805e-06              3              0              2              0 
0.0008342897382 5.810064605e-05 1.109065331e-05 2.456172512e-06 4.722295624e-06 0.0008342897382 -5.810064605e-05 1.109065331e-05 -2.456172512e-06 4.722295624e-06              4              0              2              0 
0.0003900964993 0.0001197317667 4.070539558e-06 2.311508098e-06 1.372822725e-06 0.0003900964993 -0.0001197317667 4.070539558e-06 -2.311508098e-06 1.372822725e-06              5              0              2              0 
-0.01011412929 -0.00394357387 -4.22371579e-05 -1.017185199e-05 -3.703302481e-05 -0.01011412929  0.00394357387 -4.22371579e-05 1.017185199e-05 -3.703302481e-05              1              3              1              0 
-0.001996637323 -0.0009499952846 -1.049009506e-05 -1.757113793e-06 -1.48208142e-05 -0.001996637323 0.0009499952846 -1.049009506e-05 1.757113793e-06 -1.48208142e-05              2              3              1              0 
0.001772270414 0.001999709321 2.053095309e-06 8.531008537e-06 1.851060452e-05 0.001772270414 -0.001999709321 2.053095309e-06 -8.531008537e-06 1.851060452e-05              1              4              1              0 
-0.01397635478 -0.004654481142 -6.895748226e-05 -1.688750462e-05 -5.284101826e-05 -0.01397635478 0.004654481142 -6.895748226e-05 1.688750462e-05 -5.284101826e-05              2              4              1              0 
0.003298414074 0.001748649098 1.526390531e-05 4.34511954e-06 1.578131825e-05 0.003298414074 -0.001748649098 1.526390531e-05 -4.34511954e-06 1.578131825e-05              1              5              1              0 
0.002137440392 0.001069784655 1.087362299e-05 3.299286111e-06 1.354358477e-05 0.002137440392 -0.001069784655 1.087362299e-05 -3.299286111e-06 1.354358477e-05              2              5              1              0 
-0.004567849244 -0.001243636728 -3.363954439e-05 -1.059787023e-05 -1.924723112e-05 -0.004567849244 0.001243636728 -3.363954439e-05 1.059787023e-05 -1.924723112e-05              1              3              2              0 
-0.0008190120607 -0.0001997597121 -7.341031923e-06 -2.249872533e-06 -3.883859594e-06 -0.0008190120607 0.0001997597121 -7.341031923e-06 2.249872533e-06 -3.883859594e-06              2              3              2              0 
0.0008517179547 0.0009107998561 1.38005665e-06 7.742754322e-06 9.085833608e-06 0.0008517179547 -0.0009107998561 1.38005665e-06 -7.742754322e-06 9.085833608e-06              1              4              2              0 
-0.006212815419 -0.001360633919 -5.550025816e-05 -1.730358051e-05 -2.874446709e-05 -0.006212815419 0.001360633919 -5.550025816e-05 1.730358051e-05 -2.874446709e-05              2              4              2              0 
0.001668625783 0.0006511494104 1.198732339e-05 4.547511026e-06 9.713739802e-06 0.001668625783 -0.0006511494104 1.198732339e-05 -4.547511026e-06 9.713739802e-06              1              5              2              0 
0.0009362438324 0.0002305901242 9.360261107e-06 3.937560413e-06 6.569754512e-06 0.0009362438324 -0.0002305901242 9.360261107e-06 -3.937560413e-06 6.569754512e-06              2              5              2              0 
0.0007392341877 -0.002352030056 -2.020165882e-06 4.916915366e-07 -3.651869739e-06 0.0007392341877 0.002352030056 -2.020165882e-06 -4.916915366e-07 -3.651869739e-06              1              6              0              0 
-0.0007861138064 0.005839495642 6.949469073e-07 -2.333762335e-06 3.436355759e-06 -0.0007861138064 -0.005839495642 6.949469073e-07 2.333762335e-06 3.436355759e-06              2              6              0              0 
0.0003012605185 -0.002032798133 1.057215425e-06 1.204205097e-06 -4.700641201e-07 0.0003012605185 0.002032798133 1.057215425e-06 -1.204205097e-06 -4.700641201e-07              1              7              0              0 
0.0009310155319 -0.00264476242 -2.519068073e-06 2.40673271e-07 -3.964067362e-06 0.0009310155319  0.00264476242 -2.519068073e-06 -2.40673271e-07 -3.964067362e-06              2              7              0              0 
-0.0001704736705  0.00100902386 2.326561935e-07 -1.840224064e-07 1.602231786e-06 -0.0001704736705 -0.00100902386 2.326561935e-07 1.840224064e-07 1.602231786e-06              1              8              0              0 
0.0002435066359 -0.001850005372 9.365891526e-07 1.126346136e-06 -3.842900231e-07 0.0002435066359 0.001850005372 9.365891526e-07 -1.126346136e-06 -3.842900231e-07              2              8              0              0 
-8.491727018e-05 0.0004122943453 -6.464457328e-07 -4.530236799e-07 -1.52057531e-07 -8.491727018e-05 -0.0004122943453 -6.464457328e-07 4.530236799e-07 -1.52057531e-07              1              9              0              0 
-0.0003215041426 0.001222805572  4.3258782e-07 6.081961259e-08 2.123572576e-06 -0.0003215041426 -0.001222805572  4.3258782e-07 -6.081961259e-08 2.123572576e-06              2              9              0              0 
2.10907448e-05 -0.000329046752 2.783192438e-07 -1.982153817e-07 -5.663355256e-07 2.10907448e-05 0.000329046752 2.783192438e-07 1.982153817e-07 -5.663355256e-07              1             10              0              0 
-6.645948798e-05 0.0004494701637 -4.584742329e-07 -2.224473895e-07 -4.87209887e-07 -6.645948798e-05 -0.0004494701637 -4.584742329e-07 2.224473895e-07 -4.87209887e-07              2             10              0              0 
2.681823584e-05 -4.693808219e-05 3.091178374e-07 5.600203978e-08 4.552545845e-08 2.681823584e-05 4.693808219e-05 3.091178374e-07 -5.600203978e-08 4.552545845e-08              1             11              0              0 
9.915867869e-05 -0.0004418900941 4.028322764e-07 8.174093396e-08 -6.532514851e-07 9.915867869e-05 0.0004418900941 4.028322764e-07 -8.174093396e-08 -6.532514851e-07              2             11              0              0 
0.001236271757 0.0006778717387 -1.234023939e-05 -3.443163436e-06 -2.01928061e-06 0.001236271757 -0.0006778717387 -1.234023939e-05 3.443163436e-06 -2.01928061e-06              3              0              0              1 
-0.001449795312 -0.000401123207 8.241026467e-06 2.883603044e-07 5.810829219e-06 -0.001449795312 0.000401123207 8.241026467e-06 -2.883603044e-07 5.810829219e-06              4              0              0              1 
-0.0006578785381 -0.0004224539006 5.901909026e-06 1.093238709e-06 8.813048022e-07 -0.0006578785381 0.0004224539006 5.901909026e-06 -1.093238709e-06 8.813048022e-07              5              0              0              1 
0.0003363996121 0.0002855494029 -8.801442379e-06 -3.54264715e-06 -1.62958424e-06 0.0003363996121 -0.0002855494029 -8.801442379e-06 3.54264715e-06 -1.62958424e-06              3              0              0              2 
-0.0004438205406 -0.0001966929517 6.918527614e-06 1.38478348e-06 1.585013656e-06 -0.0004438205406 0.0001966929517 6.918527614e-06 -1.38478348e-06 1.585013656e-06              4              0              0              2 
-0.0001879512485 -0.0001866054837 4.438291675e-06 1.387879005e-06 2.592110685e-07 -0.0001879512485 0.0001866054837 4.438291675e-06 -1.387879005e-06 2.592110685e-07              5              0              0              2 
0.0002297331091 0.0002467526955 -1.336958501e-06 1.170286256e-07 -3.462057086e-05 0.0002297331091 -0.0002467526955 -1.336958501e-06 -1.170286256e-07 -3.462057086e-05              0              1              1              1 
0.001971004049 0.0004303590106 2.642327739e-05 2.483012895e-05 -9.901184468e-05 0.001971004049 -0.0004303590106 2.642327739e-05 -2.483012895e-05 -9.901184468e-05              0              2              1              1 
0.0001490164072 0.0001021903005 -3.643658253e-07 -3.340162558e-06 -1.497250922e-05 0.0001490164072 -0.0001021903005 -3.643658253e-07 3.340162558e-06 -1.497250922e-05              0              1              2              1 
0.001119272596 0.0002030982398 2.075652657e-05 3.975242499e-06 -4.588044995e-05 0.001119272596 -0.0002030982398 2.075652657e-05 -3.975242499e-06 -4.588044995e-05              0              2              2              1 
9.290115994e-05 3.651778244e-05 -1.533166326e-06 -1.017043414e-07 -8.978268104e-06 9.290115994e-05 -3.651778244e-05 -1.533166326e-06 1.017043414e-07 -8.978268104e-06              0              1              1              2 
0.0001451131594 3.349596237e-05 1.187081347e-05 2.402475961e-05 -1.897804913e-05 0.0001451131594 -3.349596237e-05 1.187081347e-05 -2.402475961e-05 -1.897804913e-05              0              2              1              2 
6.953491437e-05 4.989847216e-06 -1.350711386e-06 -1.186551828e-06 -3.362835899e-06 6.953491437e-05 -4.989847216e-06 -1.350711386e-06 1.186551828e-06 -3.362835899e-06              0              1              2              2 
9.131965409e-05 8.315889654e-05 9.141758452e-06 8.410403937e-06 -1.138024834e-05 9.131965409e-05 -8.315889654e-05 9.141758452e-06 -8.410403937e-06 -1.138024834e-05              0              2              2              2 
0.0002050631071 -0.002561923211 -1.386477444e-06 9.064132299e-07 -1.511074906e-06 0.0002050631071 0.002561923211 -1.386477444e-06 -9.064132299e-07 -1.511074906e-06              6              0              0              0 
0.0005923811321 -0.0004424880452 -9.486530364e-07 -2.393500201e-07 -7.180211506e-10 0.0005923811321 0.0004424880452 -9.486530364e-07 2.393500201e-07 -7.180211506e-10              7              0              0              0 
-2.480316334e-05 0.0007059560155 3.089728219e-07 3.478411424e-07 2.243090974e-07 -2.480316334e-05 -0.0007059560155 3.089728219e-07 -3.478411424e-07 2.243090974e-07              8              0              0              0 
-0.0001876437452 0.0001614426743 9.359813088e-07 5.568513565e-08 1.032164356e-07 -0.0001876437452 -0.0001614426743 9.359813088e-07 -5.568513565e-08 1.032164356e-07              9              0              0              0 
-5.299748869e-06 -0.0001930780518 -2.683475017e-07 -4.721056962e-07 -4.718668166e-07 -5.299748869e-06 0.0001930780518 -2.683475017e-07 4.721056962e-07 -4.718668166e-07             10              0              0              0 
5.444591791e-05 -5.23741723e-05 -2.353155891e-07 5.170073637e-07 -3.49532489e-08 5.444591791e-05 5.23741723e-05 -2.353155891e-07 -5.170073637e-07 -3.49532489e-08             11              0              0              0 
4.173457199e-05 -0.0001437789743 2.855236601e-05 1.131186321e-05 2.267006881e-06 4.173457199e-05 0.0001437789743 2.855236601e-05 -1.131186321e-05 2.267006881e-06              0              0              0              3 
-0.0001187566187 -0.0001304724681 1.460193906e-05 9.652741172e-06 6.66912781e-06 -0.0001187566187 0.0001304724681 1.460193906e-05 -9.652741172e-06 6.66912781e-06              0              0              0              4 
-5.742824743e-05 -6.531997092e-05 7.418753221e-06 6.175541568e-06 4.468214859e-06 -5.742824743e-05 6.531997092e-05 7.418753221e-06 -6.175541568e-06 4.468214859e-06              0              0              0              5 
0.001513826139 0.0001822270583 4.960605438e-05 1.40646376e-05 1.396828249e-05 0.001513826139 -0.0001822270583 4.960605438e-05 -1.40646376e-05 1.396828249e-05              0              0              3              0 
0.000549257284 -3.059782822e-05 3.018610388e-05 2.934212155e-06 4.495226243e-06 0.000549257284 3.059782822e-05 3.018610388e-05 -2.934212155e-06 4.495226243e-06              0              0              4              0 
0.0001800006377 -5.536227497e-05 1.592077768e-05 -1.248217527e-06 6.601631867e-07 0.0001800006377 5.536227497e-05 1.592077768e-05 1.248217527e-06 6.601631867e-07              0              0              5              0 
-0.0001813085289 -0.0003038484563 -2.202861877e-06 -7.618364485e-06 3.296788968e-05 -0.0001813085289 0.0003038484563 -2.202861877e-06 7.618364485e-06 3.296788968e-05              0              3              1              1 
-0.002402076514 -0.0001709745765 -2.979589051e-05 -1.998140016e-05 5.370763674e-05 -0.002402076514 0.0001709745765 -2.979589051e-05 1.998140016e-05 5.370763674e-05              0              4              1              1 
0.0002017987716 0.0001949652232 1.010632846e-06 4.201270445e-06 -1.629755905e-05 0.0002017987716 -0.0001949652232 1.010632846e-06 -4.201270445e-06 -1.629755905e-05              0              5              1              1 
-8.220700352e-05 -0.0001655800851 -3.246089534e-06 -9.095895658e-07 1.725905064e-05 -8.220700352e-05 0.0001655800851 -3.246089534e-06 9.095895658e-07 1.725905064e-05              0              3              2              1 
-0.001393391172 -7.124885444e-05 -2.340418286e-05 -1.628902315e-06 2.610089952e-05 -0.001393391172 7.124885444e-05 -2.340418286e-05 1.628902315e-06 2.610089952e-05              0              4              2              1 
0.0001049172151 7.607257295e-05 1.468595522e-06 6.732243446e-07 -7.150737232e-06 0.0001049172151 -7.607257295e-05 1.468595522e-06 -6.732243446e-07 -7.150737232e-06              0              5              2              1 
1.048389183e-05 -9.89130935e-05 -5.888638092e-07 -5.292896415e-06 1.033577088e-05 1.048389183e-05 9.89130935e-05 -5.888638092e-07 5.292896415e-06 1.033577088e-05              0              3              1              2 
-0.0002414144557 9.791141922e-05 -1.360710256e-05 -2.12204003e-05 -9.830855615e-07 -0.0002414144557 -9.791141922e-05 -1.360710256e-05 2.12204003e-05 -9.830855615e-07              0              4              1              2 
-7.145872206e-07 5.039789163e-06 1.018827792e-06 4.955691549e-06 -2.05166247e-06 -7.145872206e-07 -5.039789163e-06 1.018827792e-06 -4.955691549e-06 -2.05166247e-06              0              5              1              2 
9.950678446e-06 -8.471375067e-05 -8.941597748e-07 -2.443545784e-06 7.298731397e-06 9.950678446e-06 8.471375067e-05 -8.941597748e-07 2.443545784e-06 7.298731397e-06              0              3              2              2 
-0.0001537472647 2.492589634e-05 -9.881407997e-06 -7.758710519e-06 4.14311633e-07 -0.0001537472647 -2.492589634e-05 -9.881407997e-06 7.758710519e-06 4.14311633e-07              0              4              2              2 
-1.327349612e-05 -1.14201758e-05 1.557021363e-06 3.705719975e-06 4.134440596e-07 -1.327349612e-05 1.14201758e-05 1.557021363e-06 -3.705719975e-06 4.134440596e-07              0              5              2              2 
0.003663362145 0.001980068595 -1.404182656e-05 3.661894194e-06 -5.041822699e-06 0.003663362145 -0.001980068595 -1.404182656e-05 -3.661894194e-06 -5.041822699e-06              0              6              0              1 
-0.001695193906 -0.001531028343 1.636195389e-05 1.205991514e-06 5.245522463e-06 -0.001695193906 0.001531028343 1.636195389e-05 -1.205991514e-06 5.245522463e-06              0              7              0              1 
-0.001871524917 -0.0009075134172 6.869638114e-06 -1.326715455e-06 1.054321465e-06 -0.001871524917 0.0009075134172 6.869638114e-06 1.326715455e-06 1.054321465e-06              0              8              0              1 
0.001190574715 0.0009824644386 -1.147213604e-05 -1.683099939e-06 -1.911875094e-06 0.001190574715 -0.0009824644386 -1.147213604e-05 1.683099939e-06 -1.911875094e-06              0              9              0              1 
0.0008396486646 0.0003320047272 -2.409240303e-06 3.487484201e-07 -4.306037621e-07 0.0008396486646 -0.0003320047272 -2.409240303e-06 -3.487484201e-07 -4.306037621e-07              0             10              0              1 
-0.0006429933692 -0.0005057927116 5.637161445e-06 1.554279553e-06 5.606301337e-07 -0.0006429933692 0.0005057927116 5.637161445e-06 -1.554279553e-06 5.606301337e-07              0             11              0              1 
0.001058155909 0.000688968401 -1.240049459e-05 2.921980045e-07 1.172069084e-06 0.001058155909 -0.000688968401 -1.240049459e-05 -2.921980045e-07 1.172069084e-06              0              6              0              2 
-0.0004596830212 -0.0004999266771 1.165004239e-05 2.278988568e-06 -1.507263554e-07 -0.0004596830212 0.0004999266771 1.165004239e-05 -2.278988568e-06 -1.507263554e-07              0              7              0              2 
-0.0005283701136 -0.000340411897 7.174523063e-06 6.402048537e-07 -1.063267662e-06 -0.0005283701136 0.000340411897 7.174523063e-06 -6.402048537e-07 -1.063267662e-06              0              8              0              2 
0.0003181081752 0.0003293297635 -8.517046891e-06 -1.509938898e-06 6.537888119e-07 0.0003181081752 -0.0003293297635 -8.517046891e-06 1.509938898e-06 6.537888119e-07              0              9              0              2 
0.0002289644573 0.0001459735644 -3.076555463e-06 1.036151041e-07 6.747992413e-07 0.0002289644573 -0.0001459735644 -3.076555463e-06 -1.036151041e-07 6.747992413e-07              0             10              0              2 
-0.000168577777 -0.0001751830771 5.568129127e-06 1.243474937e-06 2.105077219e-07 -0.000168577777 0.0001751830771 5.568129127e-06 -1.243474937e-06 2.105077219e-07              0             11              0              2 
-0.004539513774 -0.002138074286 -2.320954996e-05 -6.745966707e-06 -1.961226609e-05 -0.004539513774 0.002138074286 -2.320954996e-05 6.745966707e-06 -1.961226609e-05              0              6              1              0 
0.002163684559 0.001751448984 1.026309967e-05 7.597418711e-06 1.790448702e-05 0.002163684559 -0.001751448984 1.026309967e-05 -7.597418711e-06 1.790448702e-05              0              7              1              0 
0.002397501916 0.0009047207171 1.759836975e-05 4.414979897e-06 8.899128953e-06 0.002397501916 -0.0009047207171 1.759836975e-05 -4.414979897e-06 8.899128953e-06              0              8              1              0 
-0.00155907983 -0.001113349441 -8.605828776e-06 -6.18053041e-06 -1.090564895e-05 -0.00155907983 0.001113349441 -8.605828776e-06 6.18053041e-06 -1.090564895e-05              0              9              1              0 
-0.001140670609 -0.0002588201887 -1.145655504e-05 -1.254667855e-06 -3.629589166e-06 -0.001140670609 0.0002588201887 -1.145655504e-05 1.254667855e-06 -3.629589166e-06              0             10              1              0 
0.0008735671777 0.0005576178736 5.348915262e-06 4.035059608e-06 5.94361058e-06 0.0008735671777 -0.0005576178736 5.348915262e-06 -4.035059608e-06 5.94361058e-06              0             11              1              0 
-0.002101177365 -0.0007864493507 -1.853884296e-05 -7.279753504e-06 -1.132339309e-05 -0.002101177365 0.0007864493507 -1.853884296e-05 7.279753504e-06 -1.132339309e-05              0              6              2              0 
0.001069311652 0.000728025802 8.065024369e-06 7.124223084e-06 1.026867875e-05 0.001069311652 -0.000728025802 8.065024369e-06 -7.124223084e-06 1.026867875e-05              0              7              2              0 
0.001150949511 0.0003016643846 1.461120018e-05 4.851596736e-06 4.901899958e-06 0.001150949511 -0.0003016643846 1.461120018e-05 -4.851596736e-06 4.901899958e-06              0              8              2              0 
-0.0007882875817 -0.0004651585164 -7.252113523e-06 -5.124625605e-06 -5.924813487e-06 -0.0007882875817 0.0004651585164 -7.252113523e-06 5.124625605e-06 -5.924813487e-06              0              9              2              0 
-0.0005722309664 -4.845150721e-05 -1.020101318e-05 -1.16113089e-06 -1.218033247e-06 -0.0005722309664 4.845150721e-05 -1.020101318e-05 1.16113089e-06 -1.218033247e-06              0             10              2              0 
0.0004536119227 0.0002301576418 5.853539675e-06 2.933813573e-06 3.528347435e-06 0.0004536119227 -0.0002301576418 5.853539675e-06 -2.933813573e-06 3.528347435e-06              0             11              2              0 
2.400812804e-05 0.0002251162426 -3.8895451e-08 -9.163645988e-08 1.429863105e-08 2.400812804e-05 -0.0002251162426 -3.8895451e-08 9.163645988e-08 1.429863105e-08              0             12              0              0 
0.0001273106345 -0.0003947477774 -4.31375839e-07 1.200309511e-07 1.528357015e-07 0.0001273106345 0.0003947477774 -4.31375839e-07 -1.200309511e-07 1.528357015e-07              0             13              0              0 
-2.93375135e-05 -3.811367583e-05 -2.727301838e-08 -4.365910474e-07 -4.198895735e-07 -2.93375135e-05 3.811367583e-05 -2.727301838e-08 4.365910474e-07 -4.198895735e-07              0             14              0              0 
-5.371590406e-05 0.0001712773973 1.222392958e-06 9.333035205e-09 -1.24555684e-07 -5.371590406e-05 -0.0001712773973 1.222392958e-06 -9.333035205e-09 -1.24555684e-07              0             15              0              0 
2.153839331e-05 -8.964186836e-06 -1.922327917e-07 5.799331217e-07 2.334636709e-07 2.153839331e-05 8.964186836e-06 -1.922327917e-07 -5.799331217e-07 2.334636709e-07              0             16              0              0 
2.115214179e-05 -6.997194589e-05 -9.735122514e-07 3.585980945e-09 -3.818837842e-08 2.115214179e-05 6.997194589e-05 -9.735122514e-07 -3.585980945e-09 -3.818837842e-08              0             17              0              0 
-1.329550492e-05 1.379451168e-05 4.662032306e-08 1.586354702e-07 -1.00753651e-07 -1.329550492e-05 -1.379451168e-05 4.662032306e-08 -1.586354702e-07 -1.00753651e-07              0             18              0              0 
-7.595787043e-06 2.70878231e-05 7.367589527e-08 4.07089115e-07 -1.83604481e-07 -7.595787043e-06 -2.70878231e-05 7.367589527e-08 -4.07089115e-07 -1.83604481e-07              0             19              0              0 
7.203948458e-06 -9.80659676e-06 4.511398285e-08 -2.746705257e-07 2.869685332e-07 7.203948458e-06 9.80659676e-06 4.511398285e-08 2.746705257e-07 2.869685332e-07              0             20              0              0 
2.585789605e-06 -9.936274151e-06 -3.464257318e-07 -5.850948916e-07 2.184644603e-07 2.585789605e-06 9.936274151e-06 -3.464257318e-07 5.850948916e-07 2.184644603e-07              0             21              0              0 
-3.614553549e-06 4.986947532e-06 3.355235117e-08 -3.749300187e-07 -6.810531281e-07 -3.614553549e-06 -4.986947532e-06 3.355235117e-08 3.749300187e-07 -6.810531281e-07              0             22              0              0 
-6.493572202e-07 3.386005407e-06 2.748455888e-07 7.666507111e-08 1.334365153e-07 -6.493572202e-07 -3.386005407e-06 2.748455888e-07 -7.666507111e-08 1.334365153e-07              0             23              0              0 
-0.0008625456661 -0.0002740673632 -1.882700238e-06 -5.11018636e-06 1.50616019e-05 -0.0008625456661 0.0002740673632 -1.882700238e-06 5.11018636e-06 1.50616019e-05              1              0              1              1 
0.002667361111 -0.0001493055556 4.560185185e-05 2.847222222e-05 -0.0001083333333 0.002667361111 0.0001493055556 4.560185185e-05 -2.847222222e-05 -0.0001083333333              2              0              1              1 
-0.0004585648148 -0.0001391203704 -2.083333333e-06 -2.314814815e-07 6.944444444e-06 -0.0004585648148 0.0001391203704 -2.083333333e-06 2.314814815e-07 6.944444444e-06              1              0              2              1 
0.001642631054 -5.797521367e-05 3.406790906e-05 9.961376919e-07 -5.060379475e-05 0.001642631054 5.797521367e-05 3.406790906e-05 -9.961376919e-07 -5.060379475e-05              2              0              2              1 
-0.0001233796296 -4.513888889e-05 -1.157407407e-06 -5.787037037e-06 9.259259259e-07 -0.0001233796296 4.513888889e-05 -1.157407407e-06 5.787037037e-06 9.259259259e-07              1              0              1              2 
0.0001930514847 -0.0001675503598 1.97235263e-05 3.048181337e-05 -1.673511322e-05 0.0001930514847 0.0001675503598 1.97235263e-05 -3.048181337e-05 -1.673511322e-05              2              0              1              2 
-6.195976444e-05 -2.729417276e-05 -5.976826152e-07 -1.394592769e-06 1.19536523e-06 -6.195976444e-05 2.729417276e-05 -5.976826152e-07 1.394592769e-06 1.19536523e-06              1              0              2              2 
0.0001767832647 -5.315500686e-06 1.457475995e-05 8.744855967e-06 -9.945130316e-06 0.0001767832647 5.315500686e-06 1.457475995e-05 -8.744855967e-06 -9.945130316e-06              2              0              2              2 
-0.0007678019798 -0.001168261101 1.35987873e-05 1.208918531e-05 1.772035907e-06 -0.0007678019798 0.001168261101 1.35987873e-05 -1.208918531e-05 1.772035907e-06              3              1              0              1 
-0.0002988654181 -0.0003606775072 -5.568929294e-07 -2.20376038e-06 1.412836796e-07 -0.0002988654181 0.0003606775072 -5.568929294e-07 2.20376038e-06 1.412836796e-07              4              1              0              1 
0.0007377848709 0.0004340661327 -2.871126442e-06 -3.782380621e-07 -9.269142943e-07 0.0007377848709 -0.0004340661327 -2.871126442e-06 3.782380621e-07 -9.269142943e-07              5              1              0              1 
-0.002949264066 -0.001571531195 1.980682286e-05 -6.119704775e-06 -6.468863434e-06 -0.002949264066 0.001571531195 1.980682286e-05 6.119704775e-06 -6.468863434e-06              3              2              0              1 
0.005496868653 0.001357261613 -1.663098121e-05 9.443012309e-06 -1.423514071e-05 0.005496868653 -0.001357261613 -1.663098121e-05 -9.443012309e-06 -1.423514071e-05              4              2              0              1 
0.001099969413 0.0004900465504 -1.076735606e-05 5.918874131e-07 2.840415873e-06 0.001099969413 -0.0004900465504 -1.076735606e-05 -5.918874131e-07 2.840415873e-06              5              2              0              1 
-0.0001341294468 -0.0006758092512 1.249890914e-05 1.015813107e-05 5.087662868e-06 -0.0001341294468 0.0006758092512 1.249890914e-05 -1.015813107e-05 5.087662868e-06              3              1              0              2 
-9.310469111e-05 -0.000133854534 -7.704832991e-07 -1.71209119e-06 -7.147826721e-07 -9.310469111e-05 0.000133854534 -7.704832991e-07 1.71209119e-06 -7.147826721e-07              4              1              0              2 
0.0002490298871 0.000222929514 -2.598617843e-06 -2.210123444e-07 -1.170158854e-07 0.0002490298871 -0.000222929514 -2.598617843e-06 2.210123444e-07 -1.170158854e-07              5              1              0              2 
-0.0008279213701 -0.0005238609933 1.241515498e-05 -4.630328648e-06 -9.037315612e-06 -0.0008279213701 0.0005238609933 1.241515498e-05 4.630328648e-06 -9.037315612e-06              3              2              0              2 
0.001843824799 0.0005332449865 -1.336639215e-05 6.650058838e-06 -1.255739147e-06 0.001843824799 -0.0005332449865 -1.336639215e-05 -6.650058838e-06 -1.255739147e-06              4              2              0              2 
0.0003075574042 0.0001640433525 -7.931561427e-06 2.395379688e-07 2.120960177e-06 0.0003075574042 -0.0001640433525 -7.931561427e-06 -2.395379688e-07 2.120960177e-06              5              2              0              2 
 0.00131602254 0.0005523234533 9.436494086e-06 -2.521426477e-06 -4.428818393e-06  0.00131602254 -0.0005523234533 9.436494086e-06 2.521426477e-06 -4.428818393e-06              3              1              1              0 
0.0003025026766 0.0003381168029 6.425500295e-07 8.467231992e-07 1.133144385e-06 0.0003025026766 -0.0003381168029 6.425500295e-07 -8.467231992e-07 1.133144385e-06              4              1              1              0 
-0.0007880379583 -0.0003181504924 -1.36148702e-06 -5.201693949e-07 5.865057369e-07 -0.0007880379583 0.0003181504924 -1.36148702e-06 5.201693949e-07 5.865057369e-07              5              1              1              0 
0.003454777714 0.001761495158 1.454319851e-05 1.306973911e-05 2.003269001e-05 0.003454777714 -0.001761495158 1.454319851e-05 -1.306973911e-05 2.003269001e-05              3              2              1              0 
-0.005987466035 -0.001416069497 -3.144423943e-05 -9.613053527e-06 -2.594938457e-05 -0.005987466035 0.001416069497 -3.144423943e-05 9.613053527e-06 -2.594938457e-05              4              2              1              0 
-0.00136095488 -0.0005587382366 -7.770400112e-06 -5.790341233e-06 -6.318542721e-06 -0.00136095488 0.0005587382366 -7.770400112e-06 5.790341233e-06 -6.318542721e-06              5              2              1              0 
0.0007985444431 -4.613902937e-05 9.933942251e-06 -1.602789615e-06 -1.467716701e-08 0.0007985444431 4.613902937e-05 9.933942251e-06 1.602789615e-06 -1.467716701e-08              3              1              2              0 
 9.6122702e-05 0.0001187454276 3.942378854e-07 1.089887122e-06 4.601780818e-07  9.6122702e-05 -0.0001187454276 3.942378854e-07 -1.089887122e-06 4.601780818e-07              4              1              2              0 
-0.0003113296866 -7.348301326e-05 -1.627011679e-06 -4.281129089e-07 5.901922984e-07 -0.0003113296866 7.348301326e-05 -1.627011679e-06 4.281129089e-07 5.901922984e-07              5              1              2              0 
0.001605730594 0.0006605503512 1.152987449e-05 1.068617229e-05 1.032257469e-05 0.001605730594 -0.0006605503512 1.152987449e-05 -1.068617229e-05 1.032257469e-05              3              2              2              0 
-0.002410157064 -0.0004779173057 -2.36299579e-05 -8.583469599e-06 -1.250924888e-05 -0.002410157064 0.0004779173057 -2.36299579e-05 8.583469599e-06 -1.250924888e-05              4              2              2              0 
-0.0006777097934 -0.0002047312531 -6.762541563e-06 -5.238296621e-06 -4.859369006e-06 -0.0006777097934 0.0002047312531 -6.762541563e-06 5.238296621e-06 -4.859369006e-06              5              2              2              0 
-0.001712917796 0.002843874457 4.687000175e-06 -3.731984345e-07 4.347172026e-06 -0.001712917796 -0.002843874457 4.687000175e-06 3.731984345e-07 4.347172026e-06              3              6              0              0 
0.0004029165239 -0.004507152455 -3.295339891e-06 1.536094008e-06 -2.936372035e-06 0.0004029165239 0.004507152455 -3.295339891e-06 -1.536094008e-06 -2.936372035e-06              4              6              0              0 
0.0009031105469 -0.001153313274 -2.109625194e-06 2.919520405e-07 -1.831668008e-06 0.0009031105469 0.001153313274 -2.109625194e-06 -2.919520405e-07 -1.831668008e-06              5              6              0              0 
-0.000311411584 0.003429600434 4.032912639e-07 -1.655081917e-06 1.288648504e-06 -0.000311411584 -0.003429600434 4.032912639e-07 1.655081917e-06 1.288648504e-06              3              7              0              0 
-0.00128372203 0.002145374745 3.975863496e-06 5.128388785e-07 2.149614996e-06 -0.00128372203 -0.002145374745 3.975863496e-06 -5.128388785e-07 2.149614996e-06              4              7              0              0 
9.870417318e-05 -0.001805876596 -1.095568008e-06 8.509785549e-07 -1.622941289e-06 9.870417318e-05 0.001805876596 -1.095568008e-06 -8.509785549e-07 -1.622941289e-06              5              7              0              0 
0.0007568192379 -0.00188546856 -2.228805841e-06 1.773959922e-07 -2.701119119e-06 0.0007568192379  0.00188546856 -2.228805841e-06 -1.773959922e-07 -2.701119119e-06              3              8              0              0 
-0.0001070682529 0.002258254414 6.806765261e-07 -9.25573561e-07 1.064250383e-06 -0.0001070682529 -0.002258254414 6.806765261e-07 9.25573561e-07 1.064250383e-06              4              8              0              0 
-0.000544900527 0.001044969595 1.200471557e-06 -2.245825166e-07 1.687719538e-06 -0.000544900527 -0.001044969595 1.200471557e-06 2.245825166e-07 1.687719538e-06              5              8              0              0 
8.621776773e-05 -0.001118601312 1.197799124e-07 6.237939784e-07 -2.201455667e-08 8.621776773e-05 0.001118601312 1.197799124e-07 -6.237939784e-07 -2.201455667e-08              3              9              0              0 
0.0006938456292 -0.001498761761 -2.664736189e-06 -1.225121345e-07 -1.265304242e-06 0.0006938456292 0.001498761761 -2.664736189e-06 1.225121345e-07 -1.265304242e-06              4              9              0              0 
-6.748497319e-06 0.0007741192482 7.266052794e-07 2.881293648e-07 7.316355155e-08 -6.748497319e-06 -0.0007741192482 7.266052794e-07 -2.881293648e-07 7.316355155e-08              5              9              0              0 
-0.0002630747877 0.0009036783905 4.576404464e-07 2.525644586e-07 1.315167281e-06 -0.0002630747877 -0.0009036783905 4.576404464e-07 -2.525644586e-07 1.315167281e-06              3             10              0              0 
-2.695147299e-05 -0.0008680159439 3.935189513e-07 -3.055663051e-07 -7.117597865e-08 -2.695147299e-05 0.0008680159439 3.935189513e-07 3.055663051e-07 -7.117597865e-08              4             10              0              0 
0.0002484385689 -0.0006408905742 -8.433184429e-07 -3.531623895e-07 -4.987949761e-07 0.0002484385689 0.0006408905742 -8.433184429e-07 3.531623895e-07 -4.987949761e-07              5             10              0              0 
-2.019304864e-05 0.0002438165303 8.625803571e-09 -1.272280316e-07 -1.415216629e-07 -2.019304864e-05 -0.0002438165303 8.625803571e-09 1.272280316e-07 -1.415216629e-07              3             11              0              0 
-0.0003005947894 0.0007561940317 5.257927808e-07 -3.275769941e-07 9.042386059e-08 -0.0003005947894 -0.0007561940317 5.257927808e-07 3.275769941e-07 9.042386059e-08              4             11              0              0 
-1.519533184e-05 -0.0002255703027 -3.886610868e-07 -1.732564224e-07 4.275346662e-07 -1.519533184e-05 0.0002255703027 -3.886610868e-07 1.732564224e-07 4.275346662e-07              5             11              0              0 
